variable,x,y
ann.wb 10,-206.33718719482422,0.31006703078746795
ann.wb 10,-205.2444370300293,0.31006703078746795
ann.wb 10,-204.15168686523438,0.31006703078746795
ann.wb 10,-203.05893670043946,0.31006703078746795
ann.wb 10,-201.96618653564454,0.31006703078746795
ann.wb 10,-200.87343637084962,0.31006703078746795
ann.wb 10,-199.7806862060547,0.31006703078746795
ann.wb 10,-198.68793604125977,0.31006703078746795
ann.wb 10,-197.59518587646485,0.31006703078746795
ann.wb 10,-196.50243571166993,0.31006703078746795
ann.wb 10,-195.409685546875,0.31006703078746795
ann.wb 10,-194.3169353820801,0.31006703078746795
ann.wb 10,-193.22418521728517,0.31006703078746795
ann.wb 10,-192.13143505249025,0.31006703078746795
ann.wb 10,-191.03868488769533,0.31006703078746795
ann.wb 10,-189.9459347229004,0.31006703078746795
ann.wb 10,-188.85318455810548,0.31006703078746795
ann.wb 10,-187.76043439331056,0.31006703078746795
ann.wb 10,-186.66768422851564,0.31006703078746795
ann.wb 10,-185.57493406372072,0.31006703078746795
ann.wb 10,-184.4821838989258,0.31006703078746795
ann.wb 10,-183.38943373413088,0.31006703078746795
ann.wb 10,-182.29668356933595,0.31006703078746795
ann.wb 10,-181.20393340454103,0.31006703078746795
ann.wb 10,-180.1111832397461,0.31006703078746795
ann.wb 10,-179.0184330749512,0.31006703078746795
ann.wb 10,-177.92568291015627,0.31006703078746795
ann.wb 10,-176.83293274536135,0.31006703078746795
ann.wb 10,-175.74018258056643,0.31006703078746795
ann.wb 10,-174.6474324157715,0.31006703078746795
ann.wb 10,-173.55468225097655,0.31006703078746795
ann.wb 10,-172.46193208618166,0.31006703078746795
ann.wb 10,-171.3691819213867,0.31006703078746795
ann.wb 10,-170.2764317565918,0.31006703078746795
ann.wb 10,-169.18368159179687,0.31006703078746795
ann.wb 10,-168.09093142700198,0.31006703078746795
ann.wb 10,-166.99818126220703,0.31006703078746795
ann.wb 10,-165.90543109741213,0.31006703078746795
ann.wb 10,-164.81268093261718,0.31006703078746795
ann.wb 10,-163.7199307678223,0.31006703078746795
ann.wb 10,-162.62718060302734,0.31006703078746795
ann.wb 10,-161.53443043823245,0.31006703078746795
ann.wb 10,-160.4416802734375,0.31006703078746795
ann.wb 10,-159.34893010864258,0.31006703078746795
ann.wb 10,-158.25617994384766,0.31006703078746795
ann.wb 10,-157.16342977905273,0.31006703078746795
ann.wb 10,-156.0706796142578,0.31006703078746795
ann.wb 10,-154.9779294494629,0.31006703078746795
ann.wb 10,-153.88517928466797,0.31006703078746795
ann.wb 10,-152.79242911987305,0.31006703078746795
ann.wb 10,-151.69967895507813,0.31006703078746795
ann.wb 10,-150.6069287902832,0.31006703078746795
ann.wb 10,-149.51417862548828,0.31006703078746795
ann.wb 10,-148.42142846069336,0.31006703078746795
ann.wb 10,-147.32867829589844,0.31006703078746795
ann.wb 10,-146.23592813110352,0.31006703078746795
ann.wb 10,-145.1431779663086,0.31006703078746795
ann.wb 10,-144.05042780151368,0.31006703078746795
ann.wb 10,-142.95767763671876,0.31006703078746795
ann.wb 10,-141.86492747192383,0.31006703078746795
ann.wb 10,-140.7721773071289,0.31006703078746795
ann.wb 10,-139.679427142334,0.31006703078746795
ann.wb 10,-138.58667697753907,0.31006703078746795
ann.wb 10,-137.49392681274415,0.31006703078746795
ann.wb 10,-136.40117664794923,0.31006703078746795
ann.wb 10,-135.3084264831543,0.31006703078746795
ann.wb 10,-134.21567631835939,0.31006703078746795
ann.wb 10,-133.12292615356446,0.31006703078746795
ann.wb 10,-132.03017598876954,0.31006703078746795
ann.wb 10,-130.93742582397462,0.31006703078746795
ann.wb 10,-129.8446756591797,0.31006703078746795
ann.wb 10,-128.75192549438475,0.31006703078746795
ann.wb 10,-127.65917532958986,0.31006703078746795
ann.wb 10,-126.56642516479494,0.31006703078746795
ann.wb 10,-125.47367500000001,0.31006703078746795
ann.wb 10,-124.38092483520508,0.31006703078746795
ann.wb 10,-123.28817467041016,0.31006703078746795
ann.wb 10,-122.19542450561525,0.31006703078746795
ann.wb 10,-121.10267434082033,0.31006703078746795
ann.wb 10,-120.0099241760254,0.31006703078746795
ann.wb 10,-118.91717401123047,0.31006703078746795
ann.wb 10,-117.82442384643555,0.31006703078746795
ann.wb 10,-116.73167368164064,0.31006703078746795
ann.wb 10,-115.63892351684571,0.3117311537265778
ann.wb 10,-114.54617335205079,0.31339527666568756
ann.wb 10,-113.45342318725586,0.3184719726443291
ann.wb 10,-112.36067302246094,0.3235486686229706
ann.wb 10,-111.26792285766604,0.32875208556652064
ann.wb 10,-110.1751726928711,0.3339555025100708
ann.wb 10,-109.08242252807618,0.33765130341053007
ann.wb 10,-107.98967236328126,0.34134710431098936
ann.wb 10,-106.89692219848634,0.34441898465156556
ann.wb 10,-105.80417203369142,0.3474908649921417
ann.wb 10,-104.7114218688965,0.35060635209083557
ann.wb 10,-103.61867170410157,0.35372183918952943
ann.wb 10,-102.52592153930665,0.3568809270858765
ann.wb 10,-101.43317137451173,0.3600400149822235
ann.wb 10,-100.34042120971681,0.3632426127791405
ann.wb 10,-99.24767104492189,0.36644521057605745
ann.wb 10,-98.15492088012697,0.36969119757413865
ann.wb 10,-97.06217071533203,0.37293718457221986
ann.wb 10,-95.96942055053712,0.3762264057993889
ann.wb 10,-94.8766703857422,0.37951562702655794
ann.wb 10,-93.78392022094728,0.38284786939620974
ann.wb 10,-92.69117005615236,0.38618011176586153
ann.wb 10,-91.59841989135742,0.38955512344837195
ann.wb 10,-90.50566972656252,0.39293013513088226
ann.wb 10,-89.4129195617676,0.3963475987315178
ann.wb 10,-88.32016939697267,0.3997650623321533
ann.wb 10,-87.22741923217774,0.4032246321439743
ann.wb 10,-86.13466906738282,0.4066842019557953
ann.wb 10,-85.04191890258791,0.41018545627593994
ann.wb 10,-83.94916873779299,0.4136867105960846
ann.wb 10,-82.85641857299805,0.4172291696071625
ann.wb 10,-81.76366840820313,0.42077162861824036
ann.wb 10,-80.67091824340821,0.4243547827005386
ann.wb 10,-79.5781680786133,0.4279379367828369
ann.wb 10,-78.48541791381837,0.43156119138002397
ann.wb 10,-77.39266774902345,0.435184445977211
ann.wb 10,-76.29991758422852,0.43884713798761366
ann.wb 10,-75.2071674194336,0.44250982999801636
ann.wb 10,-74.11441725463868,0.4462112531065941
ann.wb 10,-73.02166708984376,0.44991267621517184
ann.wb 10,-71.92891692504884,0.45365203768014906
ann.wb 10,-70.83616676025392,0.45739139914512633
ann.wb 10,-69.743416595459,0.46116784363985064
ann.wb 10,-68.65066643066407,0.4649442881345749
ann.wb 10,-67.55791626586915,0.46875689178705215
ann.wb 10,-66.46516610107423,0.4725694954395294
ann.wb 10,-65.37241593627931,0.4764172613620758
ann.wb 10,-64.27966577148439,0.48026502728462217
ann.wb 10,-63.18691560668947,0.48414687216281893
ann.wb 10,-62.09416544189452,0.48802871704101564
ann.wb 10,-61.001415277099625,0.4919435143470764
ann.wb 10,-59.9086651123047,0.4958583116531372
ann.wb 10,-58.81591494750978,0.4998048171401024
ann.wb 10,-57.72316478271486,0.5037513226270676
ann.wb 10,-56.63041461791991,0.5077282264828683
ann.wb 10,-55.53766445312502,0.5117051303386688
ann.wb 10,-54.4449142883301,0.5157110646367074
ann.wb 10,-53.352164123535175,0.5197169989347458
ann.wb 10,-52.259413958740254,0.52375048995018
ann.wb 10,-51.166663793945304,0.5277839809656143
ann.wb 10,-50.07391362915041,0.5318434789776803
ann.wb 10,-48.98116346435549,0.5359029769897461
ann.wb 10,-47.88841329956054,0.5399868354201318
ann.wb 10,-46.79566313476565,0.5440706938505173
ann.wb 10,-45.7029129699707,0.5481772050261499
ann.wb 10,-44.610162805175804,0.5522837162017822
ann.wb 10,-43.51741264038088,0.5564110845327377
ann.wb 10,-42.42466247558593,0.5605384528636932
ann.wb 10,-41.33191231079104,0.5646847933530806
ann.wb 10,-40.23916214599609,0.5688311338424683
ann.wb 10,-39.1464119812012,0.5729944825172424
ann.wb 10,-38.053661816406276,0.5771578311920166
ann.wb 10,-36.960911651611326,0.5813361287117005
ann.wb 10,-35.86816148681643,0.5855144262313843
ann.wb 10,-34.77541132202148,0.5897055417299271
ann.wb 10,-33.68266115722656,0.5938966572284698
ann.wb 10,-32.58991099243167,0.598098388314247
ann.wb 10,-31.49716082763672,0.6023001194000244
ann.wb 10,-30.404410662841826,0.6065101623535155
ann.wb 10,-29.311660498046876,0.6107202053070069
ann.wb 10,-28.218910333251955,0.6149361908435822
ann.wb 10,-27.126160168457062,0.6191521763801575
ann.wb 10,-26.033410003662112,0.6233716666698456
ann.wb 10,-24.94065983886719,0.6275911569595337
ann.wb 10,-23.84790967407227,0.6318116396665573
ann.wb 10,-22.755159509277348,0.636032122373581
ann.wb 10,-21.662409344482455,0.64025100171566
ann.wb 10,-20.569659179687505,0.6444698810577393
ann.wb 10,-19.476909014892584,0.6486845135688781
ann.wb 10,-18.384158850097663,0.6528991460800171
ann.wb 10,-17.29140868530274,0.6571068197488785
ann.wb 10,-16.19865852050785,0.6613144934177398
ann.wb 10,-15.105908355712899,0.6635291099548339
ann.wb 10,-14.013158190917977,0.6657437264919281
ann.wb 10,-12.920408026123056,0.6666769355535507
ann.wb 10,-11.827657861328134,0.6676101446151733
ann.wb 10,-10.734907696533213,0.6684394150972366
ann.wb 10,-9.642157531738292,0.6692686855793
ann.wb 10,-8.54940736694337,0.670097091794014
ann.wb 10,-7.456657202148449,0.670925498008728
ann.wb 10,-6.363907037353528,0.6717530161142349
ann.wb 10,-5.271156872558606,0.6725805342197418
ann.wb 10,-4.178406707763685,0.6734071373939514
ann.wb 10,-3.0856565429687635,0.674233740568161
ann.wb 10,-1.992906378173842,0.6750594288110733
ann.wb 10,-0.9001562133789207,0.6758851170539856
ann.wb 10,0.19259395141600066,0.6767098486423493
ann.wb 10,1.285344116210922,0.6775345802307129
ann.wb 10,2.3780942810058434,0.6783583551645279
ann.wb 10,3.470844445800765,0.6791821300983429
ann.wb 10,4.563594610595686,0.6800049215555191
ann.wb 10,5.6563447753906075,0.6808277130126953
ann.wb 10,6.749094940185529,0.6816494882106781
ann.wb 10,7.84184510498045,0.6824712634086609
ann.wb 10,8.934595269775372,0.6832920193672181
ann.wb 10,10.027345434570293,0.6841127753257752
ann.wb 10,11.120095599365214,0.6849325001239777
ann.wb 10,12.212845764160164,0.6857522249221801
ann.wb 10,13.305595928955057,0.6865708738565445
ann.wb 10,14.398346093749979,0.6873895227909088
ann.wb 10,15.4910962585449,0.6882070988416672
ann.wb 10,16.58384642333982,0.6890246748924256
ann.wb 10,17.67659658813477,0.6898411452770233
ann.wb 10,18.769346752929664,0.6906576156616211
ann.wb 10,19.862096917724585,0.6914729714393616
ann.wb 10,20.954847082519507,0.6922883272171021
ann.wb 10,22.047597247314428,0.6931025385856628
ann.wb 10,23.140347412109378,0.6939167499542236
ann.wb 10,24.23309757690427,0.6947298079729081
ann.wb 10,25.325847741699192,0.6955428659915924
ann.wb 10,26.418597906494142,0.6963547468185425
ann.wb 10,27.511348071289035,0.6971666276454925
ann.wb 10,28.604098236083985,0.6979773133993149
ann.wb 10,29.696848400878878,0.6987879991531372
ann.wb 10,30.7895985656738,0.6995974808931351
ann.wb 10,31.88234873046875,0.700406962633133
ann.wb 10,32.97509889526364,0.7012152016162873
ann.wb 10,34.06784906005859,0.7020234405994416
ann.wb 10,35.160599224853485,0.70283043384552
ann.wb 10,36.253349389648406,0.7036374270915985
ann.wb 10,37.346099554443356,0.7044431447982789
ann.wb 10,38.43884971923825,0.7052488625049591
ann.wb 10,39.5315998840332,0.7060532957315445
ann.wb 10,40.62435004882812,0.7068577289581299
ann.wb 10,41.71710021362301,0.7076608568429947
ann.wb 10,42.80985037841796,0.7084639847278595
ann.wb 10,43.902600543212856,0.7092657923698426
ann.wb 10,44.995350708007805,0.7100676000118256
ann.wb 10,46.08810087280273,0.7108680605888367
ann.wb 10,47.18085103759762,0.7116685211658478
ann.wb 10,48.27360120239257,0.7124676197767258
ann.wb 10,49.36635136718749,0.7132667183876038
ann.wb 10,50.45910153198244,0.714064434170723
ann.wb 10,51.551851696777334,0.7148621499538421
ann.wb 10,52.64460186157223,0.7156584709882736
ann.wb 10,53.73735202636718,0.7164547920227051
ann.wb 10,54.83010219116207,0.7172497034072876
ann.wb 10,55.92285235595702,0.7180446147918701
ann.wb 10,57.01560252075191,0.7188380926847457
ann.wb 10,58.10835268554686,0.7196315705776215
ann.wb 10,59.201102850341755,0.7204235941171646
ann.wb 10,60.293853015136705,0.7212156176567077
ann.wb 10,61.386603179931654,0.7220061719417572
ann.wb 10,62.47935334472655,0.7227967262268067
ann.wb 10,63.57210350952144,0.7235858023166657
ann.wb 10,64.66485367431639,0.7243748784065247
ann.wb 10,65.75760383911134,0.7251624405384064
ann.wb 10,66.85035400390623,0.7259500026702881
ann.wb 10,67.94310416870118,0.7267360389232635
ann.wb 10,69.03585433349608,0.727522075176239
ann.wb 10,70.12860449829097,0.7283065885305404
ann.wb 10,71.22135466308592,0.7290911018848419
ann.wb 10,72.31410482788087,0.7298740565776825
ann.wb 10,73.40685499267576,0.7306570112705231
ann.wb 10,74.49960515747065,0.7314383834600449
ann.wb 10,75.5923553222656,0.7322197556495667
ann.wb 10,76.68510548706055,0.7329995423555374
ann.wb 10,77.77785565185545,0.7337793290615082
ann.wb 10,78.8706058166504,0.7345575094223022
ann.wb 10,79.96335598144529,0.7353356897830963
ann.wb 10,81.05610614624018,0.7361122488975524
ann.wb 10,82.14885631103519,0.7368888080120086
ann.wb 10,83.24160647583008,0.7376637190580368
ann.wb 10,84.33435664062497,0.738438630104065
ann.wb 10,85.42710680541987,0.7392118901014328
ann.wb 10,86.51985697021482,0.7399851500988006
ann.wb 10,87.61260713500977,0.740756732225418
ann.wb 10,88.70535729980466,0.7415283143520355
ann.wb 10,89.79810746459961,0.7422982007265091
ann.wb 10,90.8908576293945,0.7430680871009827
ann.wb 10,91.9836077941894,0.7438362777233124
ann.wb 10,93.0763579589844,0.7446044683456421
ann.wb 10,94.1691081237793,0.7453709304332733
ann.wb 10,95.26185828857419,0.7461373925209045
ann.wb 10,96.35460845336914,0.7469021141529083
ann.wb 10,97.44735861816403,0.7476668357849121
ann.wb 10,98.54010878295898,0.748429799079895
ann.wb 10,99.63285894775387,0.749192762374878
ann.wb 10,100.72560911254882,0.7499539583921433
ann.wb 10,101.81835927734372,0.7507151544094086
ann.wb 10,102.91110944213861,0.7514745593070984
ann.wb 10,104.00385960693362,0.7522339642047882
ann.wb 10,105.09660977172851,0.7529915690422058
ann.wb 10,106.1893599365234,0.7537491738796234
ann.wb 10,107.28211010131835,0.7545049548149109
ann.wb 10,108.37486026611325,0.7552607357501984
ann.wb 10,109.4676104309082,0.756014683842659
ann.wb 10,110.56036059570314,0.7567686319351197
ann.wb 10,111.65311076049804,0.7575207233428956
ann.wb 10,112.74586092529293,0.7582728147506714
ann.wb 10,113.83861109008782,0.7590230464935303
ann.wb 10,114.93136125488283,0.7597732782363892
ann.wb 10,116.02411141967772,0.760521623492241
ann.wb 10,117.11686158447262,0.7612699687480926
ann.wb 10,118.20961174926757,0.7620164185762406
ann.wb 10,119.30236191406246,0.7627628684043884
ann.wb 10,120.39511207885741,0.7635074138641358
ann.wb 10,121.48786224365236,0.764251959323883
ann.wb 10,122.58061240844725,0.7649945765733719
ann.wb 10,123.67336257324214,0.7657371938228608
ann.wb 10,124.7661127380371,0.7664778679609299
ann.wb 10,125.85886290283204,0.767218542098999
ann.wb 10,126.95161306762694,0.7679572492837906
ann.wb 10,128.04436323242183,0.7686959564685821
ann.wb 10,129.13711339721678,0.7694327026605606
ann.wb 10,130.22986356201167,0.770169448852539
ann.wb 10,131.32261372680662,0.7709042072296143
ann.wb 10,132.41536389160157,0.7716389656066894
ann.wb 10,133.50811405639647,0.7723717272281647
ann.wb 10,134.60086422119136,0.7731044888496399
ann.wb 10,135.6936143859863,0.7738352298736573
ann.wb 10,136.78636455078126,0.7745659708976745
ann.wb 10,137.87911471557615,0.7752946883440017
ann.wb 10,138.9718648803711,0.776023405790329
ann.wb 10,140.064615045166,0.7767500758171082
ann.wb 10,141.1573652099609,0.7774767458438874
ann.wb 10,142.2501153747559,0.778201362490654
ann.wb 10,143.3428655395508,0.7789259791374207
ann.wb 10,144.43561570434568,0.7796485275030136
ann.wb 10,145.52836586914057,0.7803710758686065
ann.wb 10,146.62111603393552,0.7810915321111679
ann.wb 10,147.71386619873047,0.7818119883537292
ann.wb 10,148.80661636352536,0.7825303554534913
ann.wb 10,149.89936652832031,0.7832487225532532
ann.wb 10,150.9921166931152,0.7839649796485901
ann.wb 10,152.0848668579101,0.784681236743927
ann.wb 10,153.1776170227051,0.7853953629732132
ann.wb 10,154.2703671875,0.7861094892024993
ann.wb 10,155.3631173522949,0.7868214786052704
ann.wb 10,156.45586751708984,0.7875334680080414
ann.wb 10,157.54861768188474,0.7882433027029038
ann.wb 10,158.64136784667969,0.7889531373977661
ann.wb 10,159.73411801147458,0.7896608144044877
ann.wb 10,160.82686817626953,0.7903684914112091
ann.wb 10,161.91961834106442,0.791073989868164
ann.wb 10,163.0123685058593,0.791779488325119
ann.wb 10,164.10511867065432,0.792482790350914
ann.wb 10,165.1978688354492,0.793186092376709
ann.wb 10,166.2906190002441,0.7938871949911117
ann.wb 10,167.38336916503906,0.7945882976055145
ann.wb 10,168.47611932983395,0.7952871918678284
ann.wb 10,169.5688694946289,0.7959860861301422
ann.wb 10,170.66161965942385,0.796682745218277
ann.wb 10,171.75436982421874,0.7973794043064117
ann.wb 10,172.84711998901363,0.7980738312005997
ann.wb 10,173.93987015380853,0.7987682580947876
ann.wb 10,175.03262031860353,0.799460431933403
ann.wb 10,176.12537048339843,0.8001526057720184
ann.wb 10,177.21812064819332,0.8008425146341324
ann.wb 10,178.31087081298827,0.8015324234962463
ann.wb 10,179.40362097778316,0.8022200554609299
ann.wb 10,180.4963711425781,0.8029076874256134
ann.wb 10,181.58912130737306,0.803593036532402
ann.wb 10,182.68187147216796,0.8042783856391906
ann.wb 10,183.77462163696285,0.8049614250659942
ann.wb 10,184.8673718017578,0.8056444644927978
ann.wb 10,185.96012196655275,0.8063252061605454
ann.wb 10,187.05287213134764,0.8070059478282928
ann.wb 10,188.14562229614253,0.8076843619346619
ann.wb 10,189.23837246093748,0.8083627760410309
ann.wb 10,190.33112262573238,0.8090388536453247
ann.wb 10,191.42387279052733,0.8097149312496186
ann.wb 10,192.51662295532228,0.8103886723518372
ann.wb 10,193.60937312011717,0.8110624134540558
ann.wb 10,194.70212328491206,0.8117337912321091
ann.wb 10,195.794873449707,0.8124051690101624
ann.wb 10,196.88762361450196,0.8130741834640502
ann.wb 10,197.98037377929685,0.8137431979179383
ann.wb 10,199.0731239440918,0.8144098371267319
ann.wb 10,200.1658741088867,0.8150764763355255
ann.wb 10,201.2586242736816,0.8157407283782959
ann.wb 10,202.35137443847654,0.8164049804210662
ann.wb 10,203.4441246032715,0.8170668333768845
ann.wb 10,204.53687476806638,0.8177286863327027
ann.wb 10,205.62962493286128,0.8183881312608718
ann.wb 10,206.72237509765623,0.8190475761890411
ann.wb 10,207.81512526245118,0.8197046011686325
ann.wb 10,208.90787542724607,0.8203616261482238
ann.wb 10,210.00062559204102,0.8210162252187729
ann.wb 10,211.0933757568359,0.8216708242893219
ann.wb 10,212.1861259216308,0.8223229795694351
ann.wb 10,213.27887608642575,0.8229751348495483
ann.wb 10,214.3716262512207,0.8236248463392257
ann.wb 10,215.4643764160156,0.8242745578289032
ann.wb 10,216.5571265808105,0.8249218106269837
ann.wb 10,217.64987674560544,0.8255690634250641
ann.wb 10,218.74262691040033,0.8262138426303863
ann.wb 10,219.83537707519528,0.8268586218357086
ann.wb 10,220.92812723999023,0.8275009334087372
ann.wb 10,222.02087740478513,0.8281432449817657
ann.wb 10,223.11362756958002,0.8287830650806427
ann.wb 10,224.20637773437497,0.8294228851795197
ann.wb 10,225.29912789916992,0.8300602108240127
ann.wb 10,226.3918780639648,0.8306975364685059
ann.wb 10,227.48462822875976,0.8313323646783829
ann.wb 10,228.57737839355465,0.8319671928882599
ann.wb 10,229.67012855834955,0.8325994998216629
ann.wb 10,230.76287872314455,0.8332318067550659
ann.wb 10,231.85562888793945,0.8338615894317627
ann.wb 10,232.94837905273434,0.8344913721084595
ann.wb 10,234.04112921752923,0.83511863052845
ann.wb 10,235.13387938232418,0.8357458889484406
ann.wb 10,236.22662954711913,0.8363706082105636
ann.wb 10,237.31937971191402,0.8369953274726868
ann.wb 10,238.41212987670897,0.8376174926757812
ann.wb 10,239.50488004150387,0.8382396578788758
ann.wb 10,240.59763020629876,0.8388592779636384
ann.wb 10,241.69038037109377,0.8394788980484009
ann.wb 10,242.78313053588866,0.8400959461927414
ann.wb 10,243.87588070068355,0.8407129943370819
ann.wb 10,244.9686308654785,0.8413274705410003
ann.wb 10,246.0613810302734,0.8419419467449188
ann.wb 10,247.15413119506835,0.8425538450479507
ann.wb 10,248.24688135986324,0.8431657433509827
ann.wb 10,249.3396315246582,0.8437750607728958
ann.wb 10,250.43238168945308,0.8443843781948089
ann.wb 10,251.52513185424797,0.8449910908937455
ann.wb 10,252.61788201904298,0.8455978035926819
ann.wb 10,253.71063218383787,0.846201914548874
ann.wb 10,254.80338234863277,0.8468060255050659
ann.wb 10,255.89613251342772,0.8474075347185135
ann.wb 10,256.9888826782226,0.8480090439319611
ann.wb 10,258.0816328430176,0.8486079305410386
ann.wb 10,259.1743830078125,0.8492068171501159
ann.wb 10,260.2671331726074,0.8498030871152877
ann.wb 10,261.35988333740227,0.8503993570804596
ann.wb 10,262.45263350219716,0.8509929865598679
ann.wb 10,263.54538366699217,0.8515866160392761
ann.wb 10,264.63813383178706,0.8521776288747788
ann.wb 10,265.73088399658195,0.8527686417102813
ann.wb 10,266.82363416137696,0.853356996178627
ann.wb 10,267.91638432617185,0.8539453506469726
ann.wb 10,269.00913449096674,0.854531055688858
ann.wb 10,270.10188465576175,0.8551167607307434
ann.wb 10,271.19463482055664,0.8556998074054718
ann.wb 10,272.28738498535154,0.8562828540802002
ann.wb 10,273.38013515014643,0.8568632513284683
ann.wb 10,274.47288531494144,0.8574436485767365
ann.wb 10,275.56563547973633,0.858021366596222
ann.wb 10,276.6583856445312,0.8585990846157074
ann.wb 10,277.7511358093261,0.8591436564922332
ann.wb 10,278.843885974121,0.8596882283687591
ann.wb 10,279.936636138916,0.8602104485034943
ann.wb 10,281.0293863037109,0.8607326686382294
ann.wb 10,282.1221364685058,0.8612525194883347
ann.wb 10,283.2148866333007,0.8617723703384399
ann.wb 10,284.3076367980957,0.8622898459434509
ann.wb 10,285.4003869628906,0.862807321548462
ann.wb 10,286.4931371276855,0.8633224189281463
ann.wb 10,287.5858872924805,0.8638375163078308
ann.wb 10,288.6786374572754,0.8643502295017242
ann.wb 10,289.7713876220703,0.8648629426956177
ann.wb 10,290.8641377868653,0.8653732717037201
ann.wb 10,291.9568879516602,0.8658836007118225
ann.wb 10,293.04963811645507,0.8663915485143662
ann.wb 10,294.14238828124996,0.8668994963169098
ann.wb 10,295.23513844604486,0.8674050390720367
ann.wb 10,296.32788861083986,0.8679105818271637
ann.wb 10,297.42063877563476,0.8684137403964997
ann.wb 10,298.51338894042965,0.8689168989658356
ann.wb 10,299.60613910522454,0.8694176524877548
ann.wb 10,300.69888927001944,0.8699184060096741
ann.wb 10,301.79163943481444,0.8704167664051056
ann.wb 10,302.88438959960934,0.8709151268005371
ann.wb 10,303.9771397644042,0.8714110672473907
ann.wb 10,305.06988992919923,0.8719070076942443
ann.wb 10,306.1626400939941,0.872400552034378
ann.wb 10,307.25539025878913,0.8728940963745118
ann.wb 10,308.348140423584,0.8733775854110718
ann.wb 10,309.4408905883789,0.8738610744476318
ann.wb 10,310.5336407531738,0.8743095427751542
ann.wb 10,311.6263909179687,0.8747580111026764
ann.wb 10,312.7191410827637,0.8751992642879486
ann.wb 10,313.8118912475586,0.8756405174732208
ann.wb 10,314.9046414123535,0.8760796070098877
ann.wb 10,315.9973915771484,0.8765186965465546
ann.wb 10,317.0901417419433,0.8769555777311325
ann.wb 10,318.1828919067383,0.8773924589157105
ann.wb 10,319.2756420715332,0.8778271585702896
ann.wb 10,320.3683922363281,0.8782618582248688
ann.wb 10,321.4611424011231,0.8786943584680558
ann.wb 10,322.553892565918,0.8791268587112426
ann.wb 10,323.64664273071287,0.8795571565628052
ann.wb 10,324.73939289550776,0.8799874544143677
ann.wb 10,325.83214306030277,0.880415552854538
ann.wb 10,326.92489322509766,0.8808436512947082
ann.wb 10,328.01764338989256,0.8812695324420929
ann.wb 10,329.11039355468756,0.8816954135894776
ann.wb 10,330.20314371948234,0.8821190774440766
ann.wb 10,331.29589388427735,0.8825427412986755
ann.wb 10,332.38864404907235,0.8829641848802566
ann.wb 10,333.48139421386713,0.8833856284618378
ann.wb 10,334.57414437866214,0.8838048577308655
ann.wb 10,335.66689454345703,0.8842240869998932
ann.wb 10,336.7596447082519,0.8846410781145095
ann.wb 10,337.85239487304693,0.885058069229126
ann.wb 10,338.9451450378418,0.8854728370904923
ann.wb 10,340.0378952026367,0.8858876049518585
ann.wb 10,341.1306453674316,0.8863001257181168
ann.wb 10,342.2233955322266,0.886712646484375
ann.wb 10,343.3161456970215,0.8871229320764542
ann.wb 10,344.4088958618164,0.8875332176685333
ann.wb 10,345.5016460266113,0.88794125020504
ann.wb 10,346.5943961914062,0.8883492827415467
ann.wb 10,347.6871463562012,0.8887550801038742
ann.wb 10,348.7798965209961,0.8891608774662018
ann.wb 10,349.872646685791,0.8895644158124923
ann.wb 10,350.965396850586,0.8899679541587829
ann.wb 10,352.05814701538077,0.8903692394495011
ann.wb 10,353.1508971801758,0.8907705247402191
ann.wb 10,354.2436473449708,0.891169548034668
ann.wb 10,355.33639750976556,0.8915685713291168
ann.wb 10,356.42914767456057,0.891965338587761
ann.wb 10,357.52189783935546,0.8923621058464051
ann.wb 10,358.61464800415035,0.8927566021680832
ann.wb 10,359.70739816894536,0.8931510984897614
ann.wb 10,360.80014833374025,0.8935433268547058
ann.wb 10,361.89289849853515,0.8939355552196503
ann.wb 10,362.98564866333004,0.8943255126476288
ann.wb 10,364.07839882812505,0.8947154700756073
ann.wb 10,365.17114899291994,0.8951031506061554
ann.wb 10,366.26389915771483,0.8954908311367035
ann.wb 10,367.35664932250984,0.8958762437105179
ann.wb 10,368.4493994873046,0.8962616562843323
ann.wb 10,369.5421496520996,0.8966447830200195
ann.wb 10,370.63489981689463,0.8970279097557068
ann.wb 10,371.7276499816894,0.8974087566137314
ann.wb 10,372.8204001464844,0.897789603471756
ann.wb 10,373.9131503112792,0.8981681615114212
ann.wb 10,375.0059004760742,0.8985467195510864
ann.wb 10,376.0986506408692,0.8989229917526245
ann.wb 10,377.191400805664,0.8992992639541626
ann.wb 10,378.284150970459,0.899673244357109
ann.wb 10,379.3769011352539,0.9000472247600555
ann.wb 10,380.4696513000488,0.9004189193248748
ann.wb 10,381.5624014648438,0.9007906138896942
ann.wb 10,382.6551516296387,0.901160004734993
ann.wb 10,383.7479017944336,0.9015293955802918
ann.wb 10,384.84065195922847,0.901896494626999
ann.wb 10,385.9334021240235,0.902263593673706
ann.wb 10,387.02615228881837,0.9026283979415893
ann.wb 10,388.11890245361326,0.9029932022094727
ann.wb 10,389.21165261840827,0.9033557116985321
ann.wb 10,390.30440278320305,0.9037182211875916
ann.wb 10,391.39715294799805,0.9040784239768982
ann.wb 10,392.48990311279306,0.9044386267662048
ann.wb 10,393.58265327758784,0.9047965288162232
ann.wb 10,394.67540344238284,0.9051544308662415
ann.wb 10,395.76815360717774,0.9055100232362747
ann.wb 10,396.86090377197263,0.905865615606308
ann.wb 10,397.95365393676764,0.9062189042568207
ann.wb 10,399.04640410156253,0.9065721929073334
ann.wb 10,400.1391542663574,0.90692318379879
ann.wb 10,401.2319044311523,0.9072741746902466
ann.wb 10,402.3246545959472,0.9076228529214859
ann.wb 10,403.4174047607422,0.9079715311527252
ann.wb 10,404.5101549255371,0.9083178967237473
ann.wb 10,405.602905090332,0.9086642622947693
ann.wb 10,406.6956552551269,0.9090083181858063
ann.wb 10,407.7884054199219,0.9093523740768432
ann.wb 10,408.8811555847168,0.9096941262483597
ann.wb 10,409.9739057495117,0.9100358784198761
ann.wb 10,411.0666559143067,0.910375314950943
ann.wb 10,412.1594060791015,0.9107147514820099
ann.wb 10,413.2521562438965,0.9110518783330918
ann.wb 10,414.3449064086915,0.9113890051841735
ann.wb 10,415.43765657348627,0.9117238193750381
ann.wb 10,416.5304067382813,0.9120586335659027
ann.wb 10,417.62315690307616,0.91239113509655
ann.wb 10,418.71590706787106,0.9127236366271972
ann.wb 10,419.80865723266606,0.9130538284778595
ann.wb 10,420.90140739746096,0.9133840203285217
ann.wb 10,421.99415756225585,0.9137118995189667
ann.wb 10,423.08690772705074,0.9140397787094117
ann.wb 10,424.17965789184575,0.914365342259407
ann.wb 10,425.27240805664064,0.9146909058094025
ann.wb 10,426.36515822143554,0.9150141626596451
ann.wb 10,427.45790838623054,0.9153374195098877
ann.wb 10,428.5506585510253,0.9156583577394486
ann.wb 10,429.6434087158203,0.9159792959690094
ann.wb 10,430.73615888061533,0.9162979274988174
ann.wb 10,431.8289090454101,0.9166165590286255
ann.wb 10,432.9216592102051,0.9169328719377517
ann.wb 10,434.0144093749999,0.917249184846878
ann.wb 10,435.1071595397949,0.9170642286539078
ann.wb 10,436.1999097045899,0.9168792724609375
ann.wb 10,437.2926598693847,0.9155368238687516
ann.wb 10,438.3854100341797,0.9141943752765656
ann.wb 10,439.4781601989746,0.9122687697410583
ann.wb 10,440.5709103637695,0.9103431642055512
ann.wb 10,441.6636605285645,0.9083398878574369
ann.wb 10,442.7564106933594,0.9063366115093231
ann.wb 10,443.8491608581543,0.9042827099561691
ann.wb 10,444.94191102294917,0.9022288084030151
ann.wb 10,446.0346611877442,0.9001247286796568
ann.wb 10,447.12741135253907,0.8980206489562989
ann.wb 10,448.22016151733396,0.8958668500185014
ann.wb 10,449.31291168212897,0.8937130510807038
ann.wb 10,450.40566184692375,0.8915100008249285
ann.wb 10,451.49841201171876,0.8893069505691529
ann.wb 10,452.59116217651376,0.8870553135871886
ann.wb 10,453.68391234130854,0.8848036766052246
ann.wb 10,454.77666250610355,0.8825040072202681
ann.wb 10,455.86941267089844,0.8802043378353119
ann.wb 10,456.96216283569333,0.8778574079275133
ann.wb 10,458.05491300048834,0.8755104780197144
ann.wb 10,459.14766316528323,0.8731169432401658
ann.wb 10,460.2404133300781,0.870723408460617
ann.wb 10,461.333163494873,0.8682841360569
ann.wb 10,462.4259136596679,0.865844863653183
ann.wb 10,463.5186638244629,0.8633606165647505
ann.wb 10,464.6114139892578,0.8608763694763184
ann.wb 10,465.7041641540527,0.8583481013774872
ann.wb 10,466.7969143188476,0.855819833278656
ann.wb 10,467.8896644836426,0.8532484084367751
ann.wb 10,468.9824146484375,0.8506769835948944
ann.wb 10,470.0751648132324,0.8480634212493898
ann.wb 10,471.1679149780274,0.8454498589038849
ann.wb 10,472.2606651428222,0.8427951067686082
ann.wb 10,473.3534153076172,0.8401403546333313
ann.wb 10,474.4461654724122,0.8374455243349074
ann.wb 10,475.53891563720697,0.8347506940364837
ann.wb 10,476.631665802002,0.8320167839527128
ann.wb 10,477.72441596679687,0.8292828738689423
ann.wb 10,478.81716613159176,0.8265110790729524
ann.wb 10,479.90991629638677,0.8237392842769623
ann.wb 10,481.00266646118166,0.8209306567907333
ann.wb 10,482.09541662597655,0.8181220293045044
ann.wb 10,483.18816679077145,0.8152778118848802
ann.wb 10,484.28091695556645,0.8124335944652558
ann.wb 10,485.37366712036135,0.8095548927783967
ann.wb 10,486.46641728515624,0.8066761910915374
ann.wb 10,487.55916744995125,0.803764310479164
ann.wb 10,488.651917614746,0.8008524298667907
ann.wb 10,489.74466777954103,0.7979085087776184
ann.wb 10,490.83741794433604,0.794964587688446
ann.wb 10,491.9301681091308,0.7919899672269823
ann.wb 10,493.0229182739258,0.7890153467655182
ann.wb 10,494.1156684387206,0.7860112547874453
ann.wb 10,495.2084186035156,0.783007162809372
ann.wb 10,496.3011687683106,0.7799748271703718
ann.wb 10,497.3939189331054,0.7769424915313721
ann.wb 10,498.4866690979004,0.7738832890987395
ann.wb 10,499.5794192626953,0.7708240866661071
ann.wb 10,500.6721694274902,0.7677392303943635
ann.wb 10,501.7649195922852,0.7646543741226196
ann.wb 10,502.8576697570801,0.7615452647209168
ann.wb 10,503.950419921875,0.7584361553192138
ann.wb 10,505.0431700866699,0.7553040146827699
ann.wb 10,506.1359202514649,0.7521718740463257
ann.wb 10,507.2286704162598,0.7490181028842926
ann.wb 10,508.32142058105467,0.7458643317222595
ann.wb 10,509.4141707458497,0.7426901519298551
ann.wb 10,510.50692091064445,0.7395159721374511
ann.wb 10,511.59967107543946,0.7363227516412735
ann.wb 10,512.6924212402345,0.7331295311450958
ann.wb 10,513.7851714050292,0.7299186259508136
ann.wb 10,514.8779215698243,0.7267077207565308
ann.wb 10,515.9706717346191,0.7234803885221481
ann.wb 10,517.063421899414,0.7202530562877655
ann.wb 10,518.156172064209,0.7170106023550032
ann.wb 10,519.2489222290039,0.7137681484222412
ann.wb 10,520.3416723937988,0.7105117738246918
ann.wb 10,521.4344225585937,0.7072553992271423
ann.wb 10,522.5271727233886,0.7039865851402284
ann.wb 10,523.6199228881836,0.7007177710533142
ann.wb 10,524.7126730529785,0.6974376797676086
ann.wb 10,525.8054232177734,0.6941575884819031
ann.wb 10,526.8981733825683,0.6908674985170365
ann.wb 10,527.9909235473633,0.6875774085521698
ann.wb 10,529.0836737121582,0.6842784762382508
ann.wb 10,530.1764238769531,0.6809795439243317
ann.wb 10,531.2691740417481,0.6776731818914411
ann.wb 10,532.3619242065429,0.6743668198585511
ann.wb 10,533.4546743713379,0.6710541635751724
ann.wb 10,534.5474245361329,0.6677415072917938
ann.wb 10,535.6401747009277,0.6644237548112872
ann.wb 10,536.7329248657227,0.66110600233078
ann.wb 10,537.8256750305176,0.6577843457460404
ann.wb 10,538.9184251953125,0.6544626891613007
ann.wb 10,540.0111753601075,0.6511381924152373
ann.wb 10,541.1039255249024,0.6478136956691742
ann.wb 10,542.1966756896973,0.6444876939058304
ann.wb 10,543.2894258544922,0.6411616921424865
ann.wb 10,544.3821760192872,0.637835231423378
ann.wb 10,545.474926184082,0.6345087707042694
ann.wb 10,546.567676348877,0.6311829477548601
ann.wb 10,547.660426513672,0.6278571248054504
ann.wb 10,548.7531766784667,0.6245329275727275
ann.wb 10,549.8459268432617,0.621208730340004
ann.wb 10,550.9386770080567,0.617887410521507
ann.wb 10,552.0314271728515,0.6145660907030106
ann.wb 10,553.1241773376465,0.6112485885620115
ann.wb 10,554.2169275024413,0.6079310864210129
ann.wb 10,555.3096776672363,0.6046184316277504
ann.wb 10,556.4024278320313,0.6013057768344879
ann.wb 10,557.4951779968261,0.5979988530278209
ann.wb 10,558.5879281616211,0.5946919292211532
ann.wb 10,559.680678326416,0.5913918912410736
ann.wb 10,560.7734284912109,0.588091853260994
ann.wb 10,561.8661786560059,0.584799563884735
ann.wb 10,562.9589288208008,0.5815072745084763
ann.wb 10,564.0516789855957,0.5782236292958259
ann.wb 10,565.1444291503906,0.5749399840831757
ann.wb 10,566.2371793151856,0.5716658100485801
ann.wb 10,567.3299294799805,0.5683916360139847
ann.wb 10,568.4226796447754,0.5651279568672181
ann.wb 10,569.5154298095704,0.5618642777204513
ann.wb 10,570.6081799743652,0.5586118564009669
ann.wb 10,571.7009301391602,0.5553594350814819
ann.wb 10,572.7936803039552,0.5521190896630285
ann.wb 10,573.88643046875,0.5488787442445755
ann.wb 10,574.979180633545,0.5456511616706847
ann.wb 10,576.0719307983398,0.5424235790967942
ann.wb 10,577.1646809631347,0.5392097264528275
ann.wb 10,578.2574311279297,0.5359958738088608
ann.wb 10,579.3501812927246,0.5327963843941689
ann.wb 10,580.4429314575195,0.5295968949794769
ann.wb 10,581.5356816223144,0.5264124765992164
ann.wb 10,582.6284317871093,0.523228058218956
ann.wb 10,583.7211819519043,0.5200594097375869
ann.wb 10,584.8139321166992,0.5168907612562179
ann.wb 10,585.9066822814941,0.5137384563684464
ann.wb 10,586.999432446289,0.5105861514806748
ann.wb 10,588.092182611084,0.507450996339321
ann.wb 10,589.1849327758789,0.5043158411979676
ann.wb 10,590.2776829406738,0.5011983692646027
ann.wb 10,591.3704331054688,0.4980808973312378
ann.wb 10,592.4631832702636,0.4949816897511486
ann.wb 10,593.5559334350586,0.4918824821710587
ann.wb 10,594.6486835998536,0.48880202025175057
ann.wb 10,595.7414337646484,0.48572155833244324
ann.wb 10,596.8341839294434,0.4826605483889579
ann.wb 10,597.9269340942383,0.4795995384454727
ann.wb 10,599.0196842590332,0.47655841559171686
ann.wb 10,600.1124344238282,0.47351729273796084
ann.wb 10,601.2051845886231,0.4704965457320213
ann.wb 10,602.297934753418,0.46747579872608186
ann.wb 10,603.3906849182129,0.4644758105278016
ann.wb 10,604.4834350830079,0.46147582232952117
ann.wb 10,605.5761852478028,0.4584971979260445
ann.wb 10,606.6689354125976,0.45551857352256775
ann.wb 10,607.7616855773927,0.45256166309118234
ann.wb 10,608.8544357421874,0.44960475265979766
ann.wb 10,609.9471859069824,0.4466699540615081
ann.wb 10,611.0399360717773,0.4437351554632187
ann.wb 10,612.1326862365722,0.44082276076078425
ann.wb 10,613.2254364013672,0.4379103660583496
ann.wb 10,614.318186566162,0.4350208938121799
ann.wb 10,615.410936730957,0.43213142156600953
ann.wb 10,616.503686895752,0.4292651325464245
ann.wb 10,617.5964370605468,0.4263988435268402
ann.wb 10,618.6891872253418,0.42355605065822594
ann.wb 10,619.7819373901367,0.4207132577896118
ann.wb 10,620.8746875549316,0.41789425015449533
ann.wb 10,621.9674377197266,0.41507524251937866
ann.wb 10,623.0601878845215,0.4122802197933197
ann.wb 10,624.1529380493164,0.4094851970672607
ann.wb 10,625.2456882141113,0.40671457946300515
ann.wb 10,626.3384383789063,0.40394396185874937
ann.wb 10,627.4311885437012,0.4011978909373283
ann.wb 10,628.5239387084961,0.3984518200159073
ann.wb 10,629.6166888732911,0.3957305327057835
ann.wb 10,630.7094390380859,0.3930092453956604
ann.wb 10,631.8021892028809,0.39031284973025315
ann.wb 10,632.8949393676758,0.387616454064846
ann.wb 10,633.9876895324707,0.38494529202580463
ann.wb 10,635.0804396972657,0.382274129986763
ann.wb 10,636.1731898620606,0.37962829023599626
ann.wb 10,637.2659400268554,0.3769824504852295
ann.wb 10,638.3586901916503,0.37436208575963975
ann.wb 10,639.4514403564452,0.37174172103405
ann.wb 10,640.5441905212402,0.3691468812525272
ann.wb 10,641.6369406860351,0.3665520414710045
ann.wb 10,642.72969085083,0.3639829970896244
ann.wb 10,643.8224410156249,0.36141395270824433
ann.wb 10,644.9151911804199,0.3588707268238067
ann.wb 10,646.0079413452148,0.3563275009393692
ann.wb 10,647.1006915100097,0.3538101859390736
ann.wb 10,648.1934416748047,0.3512928709387779
ann.wb 10,649.2861918395995,0.3488014683127406
ann.wb 10,650.3789420043945,0.34631006568670275
ann.wb 10,651.4716921691895,0.34384476915001844
ann.wb 10,652.5644423339843,0.3413794726133347
ann.wb 10,653.6571924987793,0.3389402613043785
ann.wb 10,654.7499426635742,0.33650104999542235
ann.wb 10,655.8426928283691,0.3340879492461682
ann.wb 10,656.9354429931641,0.3316748484969139
ann.wb 10,658.028193157959,0.32928781732916834
ann.wb 10,659.1209433227539,0.3269007861614227
ann.wb 10,660.2136934875488,0.32453996241092686
ann.wb 10,661.3064436523438,0.3221791386604309
ann.wb 10,662.3991938171387,0.31984444707632065
ann.wb 10,663.4919439819336,0.3175097554922104
ann.wb 10,664.5846941467286,0.315201177448034
ann.wb 10,665.6774443115233,0.31289259940385816
ann.wb 10,666.7701944763184,0.31061011776328085
ann.wb 10,667.8629446411134,0.30832763612270353
ann.wb 10,668.9556948059081,0.3060711435973647
ann.wb 10,670.0484449707031,0.3038146510720253
ann.wb 10,671.1411951354979,0.30158422514796274
ann.wb 10,672.2339453002929,0.2993537992238998
ann.wb 10,673.3266954650879,0.2971493147313593
ann.wb 10,674.4194456298827,0.2949448302388191
ann.wb 10,675.5121957946777,0.2927662268280983
ann.wb 10,676.6049459594726,0.2905876234173775
ann.wb 10,677.6976961242675,0.288434761017561
ann.wb 10,678.7904462890625,0.28628189861774445
ann.wb 10,679.8831964538574,0.28415480852127073
ann.wb 10,680.9759466186523,0.28202771842479707
ann.wb 10,682.0686967834472,0.2799262516200543
ann.wb 10,683.1614469482422,0.2778247848153114
ann.wb 10,684.2541971130371,0.27574883699417113
ann.wb 10,685.346947277832,0.27367288917303084
ann.wb 10,686.439697442627,0.2716222941875456
ann.wb 10,687.5324476074218,0.2695716992020607
ann.wb 10,688.6251977722168,0.2675464563071728
ann.wb 10,689.7179479370118,0.26552121341228485
ann.wb 10,690.8106981018066,0.26352113634347935
ann.wb 10,691.9034482666016,0.26152105927467345
ann.wb 10,692.9961984313965,0.25954602286219597
ann.wb 10,694.0889485961914,0.2575709864497185
ann.wb 10,695.1816987609864,0.2556207977235317
ann.wb 10,696.2744489257813,0.25367060899734495
ann.wb 10,697.3671990905762,0.2517452359199524
ann.wb 10,698.459949255371,0.2498198628425598
ann.wb 10,699.5526994201659,0.24791909903287893
ann.wb 10,700.6454495849609,0.24601833522319794
ann.wb 10,701.7381997497558,0.24414202868938445
ann.wb 10,702.8309499145507,0.242265722155571
ann.wb 10,703.9237000793456,0.24041366279125218
ann.wb 10,705.0164502441406,0.23856160342693328
ann.wb 10,706.1092004089355,0.23673372976481916
ann.wb 10,707.2019505737304,0.234905856102705
ann.wb 10,708.2947007385254,0.23310194797813874
ann.wb 10,709.3874509033202,0.23129803985357283
ann.wb 10,710.4802010681152,0.22951792143285274
ann.wb 10,711.5729512329102,0.22773780301213264
ann.wb 10,712.665701397705,0.22598130442202108
ann.wb 10,713.7584515625,0.22422480583190918
ann.wb 10,714.8512017272949,0.22249169163405896
ann.wb 10,715.9439518920898,0.22075857743620872
ann.wb 10,717.0367020568848,0.21904876306653018
ann.wb 10,718.1294522216797,0.21733894869685172
ann.wb 10,719.2222023864746,0.2156521961092949
ann.wb 10,720.3149525512695,0.21396544352173805
ann.wb 10,721.4077027160645,0.2123015627264976
ann.wb 10,722.5004528808594,0.21063768193125726
ann.wb 10,723.5932030456543,0.20899643450975422
ann.wb 10,724.6859532104493,0.20735518708825112
ann.wb 10,725.778703375244,0.2057364687323572
ann.wb 10,726.871453540039,0.20411775037646293
ann.wb 10,727.9642037048341,0.20256435945630055
ann.wb 10,729.0569538696288,0.20101096853613853
ann.wb 10,730.1497040344238,0.20046881102025504
ann.wb 10,731.2424541992186,0.19992665350437164
ann.wb 10,732.3352043640136,0.19981223084032534
ann.wb 10,733.4279545288086,0.19969780817627908
ann.wb 10,734.5207046936034,0.19959803447127342
ann.wb 10,735.6134548583984,0.19949826076626778
ann.wb 10,736.7062050231933,0.19939880892634393
ann.wb 10,737.7989551879882,0.19929935708642005
ann.wb 10,738.8917053527832,0.19920022338628768
ann.wb 10,739.9844555175781,0.1991010896861553
ann.wb 10,741.077205682373,0.19900227040052415
ann.wb 10,742.1699558471679,0.19890345111489297
ann.wb 10,743.2627060119629,0.19880495592951775
ann.wb 10,744.3554561767578,0.19870646074414253
ann.wb 10,745.4482063415527,0.19860827997326852
ann.wb 10,746.5409565063477,0.19851009920239449
ann.wb 10,747.6337066711425,0.19841223508119582
ann.wb 10,748.7264568359375,0.19831437095999718
ann.wb 10,749.8192070007325,0.19821681790053844
ann.wb 10,750.9119571655273,0.19811926484107972
ann.wb 10,752.0047073303223,0.19802202843129635
ann.wb 10,753.0974574951172,0.19792479202151297
ann.wb 10,754.1902076599121,0.1978278700262308
ann.wb 10,755.2829578247071,0.19773094803094865
ann.wb 10,756.375707989502,0.19763433672487735
ann.wb 10,757.4684581542969,0.19753772541880607
ann.wb 10,758.5612083190917,0.19744142666459083
ann.wb 10,759.6539584838866,0.1973451279103756
ann.wb 10,760.7467086486816,0.19724913500249386
ann.wb 10,761.8394588134765,0.19715314209461213
ann.wb 10,762.9322089782714,0.1970574628561735
ann.wb 10,764.0249591430663,0.19696178361773492
ann.wb 10,765.1177093078613,0.19686641097068786
ann.wb 10,766.2104594726562,0.19677103832364082
ann.wb 10,767.3032096374511,0.19667597375810147
ann.wb 10,768.3959598022461,0.1965809091925621
ann.wb 10,769.4887099670409,0.19648614674806594
ann.wb 10,770.5814601318359,0.19639138430356978
ann.wb 10,771.6742102966309,0.19629692994058132
ann.wb 10,772.7669604614257,0.19620247557759285
ann.wb 10,773.8597106262207,0.19610832408070564
ann.wb 10,774.9524607910156,0.19601417258381842
ann.wb 10,776.0452109558105,0.19592032507061957
ann.wb 10,777.1379611206055,0.19582647755742072
ann.wb 10,778.2307112854004,0.19573292843997478
ann.wb 10,779.3234614501953,0.19563937932252884
ann.wb 10,780.4162116149902,0.19554613530635834
ann.wb 10,781.5089617797852,0.19545289129018784
ann.wb 10,782.6017119445801,0.19535994343459606
ann.wb 10,783.694462109375,0.1952669955790043
ann.wb 10,784.78721227417,0.1951743483543396
ann.wb 10,785.8799624389648,0.1950817011296749
ann.wb 10,786.9727126037598,0.19498934894800185
ann.wb 10,788.0654627685548,0.19489699676632882
ann.wb 10,789.1582129333495,0.1948049422353506
ann.wb 10,790.2509630981446,0.1947128877043724
ann.wb 10,791.3437132629393,0.19462112821638583
ann.wb 10,792.4364634277343,0.19452936872839927
ann.wb 10,793.5292135925293,0.19443790391087531
ann.wb 10,794.6219637573241,0.19434643909335136
ann.wb 10,795.7147139221191,0.19431601390242575
ann.wb 10,796.807464086914,0.19428558871150017
ann.wb 10,797.9002142517089,0.19428558871150017
ann.wb 10,798.9929644165039,0.19428558871150017
ann.wb 10,800.0857145812988,0.19428558871150017
ann.wb 10,801.1784647460937,0.19428558871150017
ann.wb 10,802.2712149108886,0.19428558871150017
ann.wb 10,803.3639650756836,0.19428558871150017
ann.wb 10,804.4567152404785,0.19428558871150017
ann.wb 10,805.5494654052734,0.19428558871150017
ann.wb 10,806.6422155700684,0.19428558871150017
ann.wb 10,807.7349657348632,0.19428558871150017
ann.wb 10,808.8277158996582,0.19428558871150017
ann.wb 10,809.9204660644532,0.19428558871150017
ann.wb 10,811.013216229248,0.19428558871150017
ann.wb 10,812.105966394043,0.19428558871150017
ann.wb 10,813.1987165588379,0.19428558871150017
ann.wb 10,814.2914667236328,0.19428558871150017
ann.wb 10,815.3842168884278,0.19428558871150017
ann.wb 10,816.4769670532227,0.19428558871150017
ann.wb 10,817.5697172180176,0.19428558871150017
ann.wb 10,818.6624673828125,0.19428558871150017
ann.wb 10,819.7552175476075,0.19428558871150017
ann.wb 10,820.8479677124025,0.19428558871150017
ann.wb 10,821.9407178771972,0.19428558871150017
ann.wb 10,823.0334680419923,0.19428558871150017
ann.wb 10,824.126218206787,0.19428558871150017
ann.wb 10,825.218968371582,0.19428558871150017
ann.wb 10,826.311718536377,0.19428558871150017
ann.wb 10,827.4044687011718,0.19428558871150017
ann.wb 10,828.4972188659668,0.19428558871150017
ann.wb 10,829.5899690307616,0.19428558871150017
ann.wb 10,830.6827191955566,0.19428558871150017
ann.wb 10,831.7754693603516,0.19428558871150017
ann.wb 10,832.8682195251464,0.19428558871150017
ann.wb 10,833.9609696899414,0.19428558871150017
ann.wb 10,835.0537198547362,0.19428558871150017
ann.wb 10,836.1464700195312,0.19428558871150017
ann.wb 10,837.2392201843262,0.19428558871150017
ann.wb 10,838.331970349121,0.19428558871150017
ann.wb 10,839.424720513916,0.19428558871150017
ann.wb 10,840.5174706787108,0.19428558871150017
ann.wb 10,841.6102208435058,0.19428558871150017
ann.wb 10,842.7029710083008,0.19428558871150017
ann.wb 10,843.7957211730958,0.19428558871150017
ann.wb 10,844.8884713378906,0.19428558871150017
ann.wb 10,845.9812215026856,0.19428558871150017
ann.wb 10,847.0739716674804,0.19428558871150017
ann.wb 10,848.1667218322754,0.19428558871150017
ann.wb 10,849.2594719970704,0.19428558871150017
ann.wb 10,850.3522221618651,0.19428558871150017
ann.wb 10,851.4449723266601,0.19428558871150017
ann.wb 10,852.5377224914552,0.19428558871150017
ann.wb 10,853.6304726562499,0.19428558871150017
ann.wb 10,854.7232228210449,0.19428558871150017
ann.wb 10,855.8159729858397,0.19428558871150017
ann.wb 10,856.9087231506347,0.19428558871150017
ann.wb 10,858.0014733154297,0.19428558871150017
ann.wb 10,859.0942234802247,0.19428558871150017
ann.wb 10,860.1869736450195,0.19428558871150017
ann.wb 10,861.2797238098143,0.19428558871150017
ann.wb 10,862.3724739746093,0.19428558871150017
ann.wb 10,863.4652241394043,0.19428558871150017
ann.wb 10,864.5579743041993,0.19428558871150017
ann.wb 10,865.6507244689941,0.19428558871150017
ann.wb 10,866.7434746337889,0.19428558871150017
ann.wb 10,867.8362247985839,0.19428558871150017
ann.wb 10,868.9289749633789,0.19428558871150017
ann.wb 10,870.0217251281739,0.19428558871150017
ann.wb 10,871.1144752929689,0.19428558871150017
ann.wb 10,872.2072254577635,0.19428558871150017
ann.wb 10,873.2999756225585,0.19428558871150017
ann.wb 10,874.3927257873535,0.19428558871150017
ann.wb 10,875.4854759521485,0.19428558871150017
ann.wb 10,876.5782261169435,0.19428558871150017
ann.wb 10,877.6709762817383,0.19428558871150017
ann.wb 10,878.763726446533,0.19428558871150017
ann.wb 10,879.856476611328,0.19428558871150017
ann.wb 10,880.949226776123,0.19428558871150017
ann.wb 10,882.0419769409181,0.19428558871150017
ann.wb 10,883.1347271057128,0.19428558871150017
ann.wb 10,884.2274772705078,0.19428558871150017
ann.wb 10,885.3202274353026,0.19428558871150017
ann.wb 10,886.4129776000976,0.19428558871150017
