variable,x,y
seas.wb 10,18.06888313293457,0.7346744060516357
seas.wb 10,18.102894593811033,0.7346744060516357
seas.wb 10,18.1369060546875,0.7346744060516357
seas.wb 10,18.170917515563964,0.7346744060516357
seas.wb 10,18.204928976440428,0.7346744060516357
seas.wb 10,18.238940437316895,0.7346744060516357
seas.wb 10,18.27295189819336,0.7346744060516357
seas.wb 10,18.306963359069822,0.7346744060516357
seas.wb 10,18.34097481994629,0.7346744060516357
seas.wb 10,18.374986280822753,0.7346744060516357
seas.wb 10,18.408997741699217,0.7346744060516357
seas.wb 10,18.443009202575684,0.7346744060516357
seas.wb 10,18.477020663452148,0.7346744060516357
seas.wb 10,18.51103212432861,0.7346744060516357
seas.wb 10,18.54504358520508,0.7346744060516357
seas.wb 10,18.579055046081542,0.7346744060516357
seas.wb 10,18.613066506958006,0.7346744060516357
seas.wb 10,18.647077967834473,0.7346744060516357
seas.wb 10,18.681089428710937,0.7346744060516357
seas.wb 10,18.7151008895874,0.7346744060516357
seas.wb 10,18.749112350463868,0.7346744060516357
seas.wb 10,18.78312381134033,0.7346744060516357
seas.wb 10,18.817135272216795,0.7346744060516357
seas.wb 10,18.851146733093262,0.7346744060516357
seas.wb 10,18.885158193969726,0.7346744060516357
seas.wb 10,18.91916965484619,0.7346744060516357
seas.wb 10,18.953181115722657,0.7346744060516357
seas.wb 10,18.98719257659912,0.7346744060516357
seas.wb 10,19.021204037475584,0.7346744060516357
seas.wb 10,19.05521549835205,0.7346744060516357
seas.wb 10,19.089226959228515,0.7346744060516357
seas.wb 10,19.12323842010498,0.7346744060516357
seas.wb 10,19.157249880981446,0.7346744060516357
seas.wb 10,19.19126134185791,0.7346744060516357
seas.wb 10,19.225272802734374,0.7346744060516357
seas.wb 10,19.259284263610837,0.7346744060516357
seas.wb 10,19.293295724487304,0.7346744060516357
seas.wb 10,19.327307185363768,0.7346744060516357
seas.wb 10,19.361318646240232,0.7346744060516357
seas.wb 10,19.3953301071167,0.7346744060516357
seas.wb 10,19.429341567993163,0.7346744060516357
seas.wb 10,19.463353028869626,0.7346744060516357
seas.wb 10,19.497364489746094,0.7346744060516357
seas.wb 10,19.531375950622557,0.7346744060516357
seas.wb 10,19.56538741149902,0.7346744060516357
seas.wb 10,19.599398872375488,0.7346744060516357
seas.wb 10,19.633410333251952,0.7346744060516357
seas.wb 10,19.667421794128416,0.7346744060516357
seas.wb 10,19.701433255004883,0.7346744060516357
seas.wb 10,19.735444715881346,0.7346744060516357
seas.wb 10,19.76945617675781,0.7346744060516357
seas.wb 10,19.803467637634277,0.7346744060516357
seas.wb 10,19.83747909851074,0.7346744060516357
seas.wb 10,19.871490559387205,0.7346744060516357
seas.wb 10,19.905502020263672,0.7346744060516357
seas.wb 10,19.939513481140136,0.7346744060516357
seas.wb 10,19.9735249420166,0.7346744060516357
seas.wb 10,20.007536402893066,0.7346744060516357
seas.wb 10,20.04154786376953,0.7346744060516357
seas.wb 10,20.075559324645994,0.7346744060516357
seas.wb 10,20.10957078552246,0.7346744060516357
seas.wb 10,20.143582246398925,0.7346744060516357
seas.wb 10,20.17759370727539,0.7346744060516357
seas.wb 10,20.211605168151856,0.7346744060516357
seas.wb 10,20.24561662902832,0.7346744060516357
seas.wb 10,20.279628089904783,0.7346744060516357
seas.wb 10,20.31363955078125,0.7346744060516357
seas.wb 10,20.347651011657714,0.7346744060516357
seas.wb 10,20.381662472534178,0.7346744060516357
seas.wb 10,20.415673933410645,0.7346744060516357
seas.wb 10,20.44968539428711,0.7346744060516357
seas.wb 10,20.483696855163572,0.7346744060516357
seas.wb 10,20.51770831604004,0.7346744060516357
seas.wb 10,20.551719776916503,0.7346744060516357
seas.wb 10,20.585731237792967,0.7346744060516357
seas.wb 10,20.619742698669434,0.7346744060516357
seas.wb 10,20.653754159545898,0.7346744060516357
seas.wb 10,20.68776562042236,0.7346744060516357
seas.wb 10,20.72177708129883,0.7346744060516357
seas.wb 10,20.755788542175292,0.7346744060516357
seas.wb 10,20.789800003051756,0.7346744060516357
seas.wb 10,20.823811463928223,0.7346744060516357
seas.wb 10,20.857822924804687,0.7346744060516357
seas.wb 10,20.89183438568115,0.7344839259982109
seas.wb 10,20.925845846557618,0.7342934459447861
seas.wb 10,20.95985730743408,0.7337205648422241
seas.wb 10,20.993868768310545,0.7331476837396622
seas.wb 10,21.027880229187012,0.7325725868344307
seas.wb 10,21.061891690063476,0.7319974899291992
seas.wb 10,21.09590315093994,0.7314202040433884
seas.wb 10,21.129914611816403,0.7308429181575775
seas.wb 10,21.16392607269287,0.7302634865045547
seas.wb 10,21.197937533569334,0.729684054851532
seas.wb 10,21.2319489944458,0.7291024461388588
seas.wb 10,21.265960455322265,0.7285208374261856
seas.wb 10,21.29997191619873,0.7279371008276939
seas.wb 10,21.333983377075192,0.7273533642292023
seas.wb 10,21.36799483795166,0.7267674848437309
seas.wb 10,21.402006298828123,0.7261816054582596
seas.wb 10,21.43601775970459,0.7255936190485954
seas.wb 10,21.470029220581054,0.7250056326389313
seas.wb 10,21.504040681457518,0.7244155675172805
seas.wb 10,21.53805214233398,0.7238255023956299
seas.wb 10,21.57206360321045,0.723233337700367
seas.wb 10,21.606075064086912,0.7226411730051041
seas.wb 10,21.64008652496338,0.7220469549298286
seas.wb 10,21.674097985839843,0.7214527368545532
seas.wb 10,21.708109446716307,0.720856462419033
seas.wb 10,21.74212090759277,0.7202601879835129
seas.wb 10,21.776132368469238,0.7196618735790252
seas.wb 10,21.8101438293457,0.7190635591745377
seas.wb 10,21.844155290222165,0.7184632554650306
seas.wb 10,21.878166751098632,0.7178629517555237
seas.wb 10,21.912178211975096,0.7172606304287911
seas.wb 10,21.94618967285156,0.7166583091020584
seas.wb 10,21.980201133728027,0.716054019331932
seas.wb 10,22.01421259460449,0.7154497295618057
seas.wb 10,22.048224055480954,0.714843463897705
seas.wb 10,22.08223551635742,0.7142371982336044
seas.wb 10,22.116246977233885,0.7136289834976196
seas.wb 10,22.15025843811035,0.7130207687616348
seas.wb 10,22.184269898986816,0.7124106422066688
seas.wb 10,22.21828135986328,0.7118005156517029
seas.wb 10,22.252292820739743,0.7111884638667106
seas.wb 10,22.28630428161621,0.7105764120817184
seas.wb 10,22.320315742492674,0.7099624663591385
seas.wb 10,22.354327203369138,0.7093485206365585
seas.wb 10,22.3883386642456,0.708732721209526
seas.wb 10,22.42235012512207,0.7081169217824936
seas.wb 10,22.456361585998536,0.7074992462992669
seas.wb 10,22.490373046875,0.7068815708160401
seas.wb 10,22.524384507751464,0.7062620803713798
seas.wb 10,22.558395968627927,0.7056425899267197
seas.wb 10,22.592407429504394,0.7050212606787681
seas.wb 10,22.626418890380858,0.7043999314308167
seas.wb 10,22.66043035125732,0.703776802122593
seas.wb 10,22.69444181213379,0.7031536728143692
seas.wb 10,22.728453273010253,0.7025287851691246
seas.wb 10,22.762464733886716,0.70190389752388
seas.wb 10,22.796476194763184,0.701277232170105
seas.wb 10,22.830487655639647,0.70065056681633
seas.wb 10,22.86449911651611,0.7000221848487854
seas.wb 10,22.898510577392578,0.6993938028812409
seas.wb 10,22.932522038269042,0.6987636744976043
seas.wb 10,22.966533499145505,0.6981335461139679
seas.wb 10,23.00054496002197,0.6975017234683036
seas.wb 10,23.034556420898436,0.6968699008226394
seas.wb 10,23.0685678817749,0.6962364241480827
seas.wb 10,23.102579342651367,0.695602947473526
seas.wb 10,23.13659080352783,0.694967782497406
seas.wb 10,23.170602264404295,0.694332617521286
seas.wb 10,23.20461372528076,0.6936958387494088
seas.wb 10,23.238625186157225,0.6930590599775315
seas.wb 10,23.27263664703369,0.692420645058155
seas.wb 10,23.306648107910156,0.6917822301387787
seas.wb 10,23.34065956878662,0.691142225265503
seas.wb 10,23.374671029663084,0.6905022203922272
seas.wb 10,23.408682490539547,0.6898606553673744
seas.wb 10,23.442693951416015,0.6892190903425217
seas.wb 10,23.47670541229248,0.6885759502649307
seas.wb 10,23.510716873168946,0.6879328101873398
seas.wb 10,23.54472833404541,0.687288162112236
seas.wb 10,23.578739794921873,0.6866435140371323
seas.wb 10,23.612751255798337,0.6859973341226577
seas.wb 10,23.646762716674804,0.6853511542081833
seas.wb 10,23.680774177551267,0.6847034797072411
seas.wb 10,23.714785638427735,0.6840558052062988
seas.wb 10,23.7487970993042,0.6834066957235336
seas.wb 10,23.782808560180662,0.6827575862407684
seas.wb 10,23.816820021057126,0.6821070030331612
seas.wb 10,23.850831481933593,0.6814564198255539
seas.wb 10,23.884842942810057,0.6808044344186783
seas.wb 10,23.918854403686524,0.6801524490118027
seas.wb 10,23.952865864562987,0.6794990450143814
seas.wb 10,23.98687732543945,0.6788456410169601
seas.wb 10,24.020888786315915,0.6781908616423606
seas.wb 10,24.05490024719238,0.6775360822677612
seas.wb 10,24.088911708068846,0.6768799692392349
seas.wb 10,24.122923168945313,0.6762238562107086
seas.wb 10,24.156934629821777,0.6755663871765136
seas.wb 10,24.19094609069824,0.6749089181423187
seas.wb 10,24.224957551574704,0.6742501601576805
seas.wb 10,24.25896901245117,0.6735914021730423
seas.wb 10,24.292980473327635,0.672931332886219
seas.wb 10,24.3269919342041,0.6722712635993957
seas.wb 10,24.361003395080566,0.6716099336743355
seas.wb 10,24.39501485595703,0.6709486037492752
seas.wb 10,24.429026316833493,0.6702860534191132
seas.wb 10,24.46303777770996,0.6696235030889511
seas.wb 10,24.497049238586424,0.6689597174525261
seas.wb 10,24.531060699462888,0.668295931816101
seas.wb 10,24.565072160339355,0.667630960047245
seas.wb 10,24.59908362121582,0.6669659882783889
seas.wb 10,24.633095082092282,0.6662998348474503
seas.wb 10,24.667106542968746,0.6656336814165116
seas.wb 10,24.701118003845213,0.6649663761258126
seas.wb 10,24.735129464721677,0.6642990708351135
seas.wb 10,24.769140925598144,0.663630659878254
seas.wb 10,24.803152386474608,0.6629622489213943
seas.wb 10,24.83716384735107,0.6622927188873291
seas.wb 10,24.87117530822754,0.6616231888532639
seas.wb 10,24.905186769104002,0.6609525948762893
seas.wb 10,24.939198229980466,0.6602820008993149
seas.wb 10,24.973209690856933,0.6596103310585022
seas.wb 10,25.007221151733397,0.6589386612176895
seas.wb 10,25.04123261260986,0.658265970647335
seas.wb 10,25.075244073486324,0.6575932800769806
seas.wb 10,25.10925553436279,0.6569195970892906
seas.wb 10,25.143266995239255,0.6562459141016006
seas.wb 10,25.177278456115722,0.655571223795414
seas.wb 10,25.211289916992186,0.6548965334892273
seas.wb 10,25.24530137786865,0.6542209044098855
seas.wb 10,25.279312838745113,0.6535452753305435
seas.wb 10,25.31332429962158,0.6528686940670013
seas.wb 10,25.347335760498044,0.6521921128034591
seas.wb 10,25.38134722137451,0.6515146151185036
seas.wb 10,25.415358682250975,0.650837117433548
seas.wb 10,25.44937014312744,0.6501587495207787
seas.wb 10,25.483381604003903,0.6494803816080094
seas.wb 10,25.51739306488037,0.6488011300563812
seas.wb 10,25.551404525756833,0.6481218785047531
seas.wb 10,25.5854159866333,0.6474418073892594
seas.wb 10,25.619427447509764,0.6467617362737655
seas.wb 10,25.653438908386228,0.6460808292031288
seas.wb 10,25.68745036926269,0.6453999221324921
seas.wb 10,25.72146183013916,0.6447182208299637
seas.wb 10,25.755473291015623,0.6440365195274353
seas.wb 10,25.78948475189209,0.6433540716767311
seas.wb 10,25.823496212768553,0.6426716238260269
seas.wb 10,25.857507673645017,0.6419884085655212
seas.wb 10,25.89151913452148,0.6413051933050156
seas.wb 10,25.925530595397948,0.6406212717294693
seas.wb 10,25.95954205627441,0.6399373501539231
seas.wb 10,25.993553517150875,0.6392527163028717
seas.wb 10,26.027564978027343,0.6385680824518204
seas.wb 10,26.061576438903806,0.6378827765583992
seas.wb 10,26.09558789978027,0.637197470664978
seas.wb 10,26.129599360656737,0.6365115344524384
seas.wb 10,26.1636108215332,0.6358255982398987
seas.wb 10,26.197622282409668,0.6351390197873116
seas.wb 10,26.23163374328613,0.6344524413347244
seas.wb 10,26.265645204162595,0.6337652742862702
seas.wb 10,26.29965666503906,0.6330781072378159
seas.wb 10,26.333668125915526,0.632390347123146
seas.wb 10,26.36767958679199,0.6317025870084763
seas.wb 10,26.401691047668454,0.6310142710804939
seas.wb 10,26.43570250854492,0.6303259551525116
seas.wb 10,26.469713969421385,0.6296371281147003
seas.wb 10,26.503725430297848,0.628948301076889
seas.wb 10,26.537736891174312,0.6282589495182037
seas.wb 10,26.57174835205078,0.6275695979595184
seas.wb 10,26.605759812927246,0.62687978297472
seas.wb 10,26.63977127380371,0.6261899679899215
seas.wb 10,26.673782734680174,0.625499676167965
seas.wb 10,26.707794195556637,0.6248093843460083
seas.wb 10,26.7418056564331,0.6241186514496804
seas.wb 10,26.77581711730957,0.6234279185533523
seas.wb 10,26.809828578186035,0.6227367952466011
seas.wb 10,26.8438400390625,0.6220456719398498
seas.wb 10,26.877851499938963,0.6213541448116302
seas.wb 10,26.911862960815427,0.6206626176834107
seas.wb 10,26.94587442169189,0.6199707388877869
seas.wb 10,26.979885882568357,0.619278860092163
seas.wb 10,27.013897343444825,0.6185866251587868
seas.wb 10,27.04790880432129,0.6178943902254105
seas.wb 10,27.081920265197752,0.6172018349170685
seas.wb 10,27.115931726074216,0.6165092796087265
seas.wb 10,27.14994318695068,0.6158164516091347
seas.wb 10,27.183954647827147,0.6151236236095429
seas.wb 10,27.21796610870361,0.6144305035471916
seas.wb 10,27.251977569580077,0.6137373834848404
seas.wb 10,27.28598903045654,0.613044036924839
seas.wb 10,27.320000491333005,0.6123506903648377
seas.wb 10,27.354011952209472,0.6116570934653281
seas.wb 10,27.388023413085932,0.6109634965658188
seas.wb 10,27.4220348739624,0.6102696985006333
seas.wb 10,27.456046334838867,0.6095759004354477
seas.wb 10,27.49005779571533,0.6088819488883018
seas.wb 10,27.524069256591794,0.608187997341156
seas.wb 10,27.558080717468258,0.6074938654899598
seas.wb 10,27.592092178344725,0.6067997336387634
seas.wb 10,27.62610363922119,0.606105487048626
seas.wb 10,27.660115100097656,0.6054112404584885
seas.wb 10,27.69412656097412,0.604716868698597
seas.wb 10,27.728138021850583,0.6040224969387055
seas.wb 10,27.762149482727047,0.6033280283212662
seas.wb 10,27.796160943603514,0.6026335597038269
seas.wb 10,27.83017240447998,0.6019390538334847
seas.wb 10,27.864183865356445,0.6012445479631424
seas.wb 10,27.89819532623291,0.6005499750375748
seas.wb 10,27.932206787109372,0.5998554021120072
seas.wb 10,27.966218247985836,0.5991608187556267
seas.wb 10,28.000229708862303,0.5984662353992463
seas.wb 10,28.034241169738767,0.5977716505527496
seas.wb 10,28.068252630615234,0.5970770657062531
seas.wb 10,28.102264091491698,0.5963824972510338
seas.wb 10,28.13627555236816,0.5956879287958146
seas.wb 10,28.170287013244625,0.5949934229254723
seas.wb 10,28.20429847412109,0.59429891705513
seas.wb 10,28.238309934997556,0.5936044588685035
seas.wb 10,28.272321395874023,0.5929100006818772
seas.wb 10,28.306332856750487,0.5922156527638436
seas.wb 10,28.34034431762695,0.5915213048458099
seas.wb 10,28.374355778503414,0.5908270478248596
seas.wb 10,28.408367239379878,0.5901327908039093
seas.wb 10,28.442378700256345,0.5894386723637581
seas.wb 10,28.476390161132812,0.5887445539236069
seas.wb 10,28.510401622009276,0.5880505993962288
seas.wb 10,28.54441308288574,0.5873566448688508
seas.wb 10,28.578424543762203,0.5866628497838974
seas.wb 10,28.612436004638667,0.5859690546989441
seas.wb 10,28.646447465515134,0.585275475680828
seas.wb 10,28.6804589263916,0.5845818966627121
seas.wb 10,28.714470387268065,0.5838885173201561
seas.wb 10,28.74848184814453,0.5831951379776001
seas.wb 10,28.782493309020992,0.5825019970536232
seas.wb 10,28.816504769897456,0.5818088561296463
seas.wb 10,28.850516230773923,0.5811159938573838
seas.wb 10,28.884527691650387,0.5804231315851212
seas.wb 10,28.918539152526854,0.5797305226325988
seas.wb 10,28.952550613403318,0.5790379136800766
seas.wb 10,28.98656207427978,0.5783456325531006
seas.wb 10,29.02057353515625,0.5776533514261246
seas.wb 10,29.05458499603271,0.5769613698124887
seas.wb 10,29.088596456909176,0.5762693881988525
seas.wb 10,29.122607917785643,0.575577749311924
seas.wb 10,29.156619378662107,0.5748861104249954
seas.wb 10,29.19063083953857,0.5741948515176774
seas.wb 10,29.224642300415034,0.5735035926103592
seas.wb 10,29.2586537612915,0.5728126987814903
seas.wb 10,29.29266522216797,0.5721218049526214
seas.wb 10,29.326676683044433,0.5714313223958015
seas.wb 10,29.360688143920896,0.5707408398389816
seas.wb 10,29.39469960479736,0.5700507670640945
seas.wb 10,29.428711065673824,0.5693606942892074
seas.wb 10,29.46272252655029,0.5686710685491562
seas.wb 10,29.496733987426758,0.5679814428091049
seas.wb 10,29.53074544830322,0.5672922879457474
seas.wb 10,29.564756909179685,0.5666031330823899
seas.wb 10,29.59876837005615,0.5659144446253777
seas.wb 10,29.632779830932613,0.5652257561683655
seas.wb 10,29.66679129180908,0.5645375773310661
seas.wb 10,29.700802752685547,0.5638493984937668
seas.wb 10,29.73481421356201,0.5631617277860641
seas.wb 10,29.768825674438474,0.5624740570783615
seas.wb 10,29.802837135314938,0.5617869213223458
seas.wb 10,29.836848596191402,0.56109978556633
seas.wb 10,29.87086005706787,0.5604132220149041
seas.wb 10,29.904871517944333,0.5597266584634781
seas.wb 10,29.9388829788208,0.5590406477451324
seas.wb 10,29.972894439697264,0.5583546370267868
seas.wb 10,30.006905900573727,0.5576692461967468
seas.wb 10,30.04091736145019,0.5569838553667068
seas.wb 10,30.074928822326655,0.5562990576028823
seas.wb 10,30.108940283203122,0.5556142598390579
seas.wb 10,30.14295174407959,0.554930080473423
seas.wb 10,30.176963204956053,0.554245901107788
seas.wb 10,30.210974665832516,0.5535623982548714
seas.wb 10,30.24498612670898,0.5528788954019547
seas.wb 10,30.278997587585444,0.5521960362792016
seas.wb 10,30.31300904846191,0.5515131771564483
seas.wb 10,30.34702050933838,0.5508310124278069
seas.wb 10,30.381031970214842,0.5501488476991654
seas.wb 10,30.415043431091306,0.5494673773646355
seas.wb 10,30.44905489196777,0.5487859070301055
seas.wb 10,30.483066352844236,0.5481051564216614
seas.wb 10,30.5170778137207,0.5474244058132172
seas.wb 10,30.551089274597164,0.5467444002628327
seas.wb 10,30.58510073547363,0.5460643947124482
seas.wb 10,30.619112196350095,0.545385117828846
seas.wb 10,30.65312365722656,0.5447058409452439
seas.wb 10,30.687135118103026,0.5440273627638816
seas.wb 10,30.72114657897949,0.5433488845825195
seas.wb 10,30.755158039855953,0.5426711648702621
seas.wb 10,30.78916950073242,0.5419934451580047
seas.wb 10,30.823180961608884,0.5413165330886841
seas.wb 10,30.857192422485348,0.5406396210193634
seas.wb 10,30.89120388336181,0.5399635463953019
seas.wb 10,30.92521534423828,0.5392874717712403
seas.wb 10,30.959226805114746,0.5386122167110443
seas.wb 10,30.99323826599121,0.5379369616508484
seas.wb 10,31.027249726867673,0.5372625485062599
seas.wb 10,31.061261187744137,0.5365881353616715
seas.wb 10,31.0952726486206,0.5359146133065223
seas.wb 10,31.129284109497068,0.5352410912513733
seas.wb 10,31.163295570373535,0.5345684334635734
seas.wb 10,31.19730703125,0.5338957756757736
seas.wb 10,31.231318492126462,0.5332240357995033
seas.wb 10,31.265329953002926,0.532552295923233
seas.wb 10,31.29934141387939,0.5318814530968666
seas.wb 10,31.333352874755857,0.5312106102705002
seas.wb 10,31.367364335632324,0.5305406987667084
seas.wb 10,31.401375796508788,0.5298707872629166
seas.wb 10,31.43538725738525,0.5292018324136734
seas.wb 10,31.469398718261715,0.5285328775644302
seas.wb 10,31.50341017913818,0.5278648689389229
seas.wb 10,31.537421640014646,0.5271968603134155
seas.wb 10,31.57143310089111,0.5265298411250114
seas.wb 10,31.605444561767577,0.5258628219366074
seas.wb 10,31.63945602264404,0.5251967757940292
seas.wb 10,31.673467483520504,0.5245307296514511
seas.wb 10,31.70747894439697,0.5238656848669052
seas.wb 10,31.74149040527343,0.5232006400823593
seas.wb 10,31.7755018661499,0.5225366324186325
seas.wb 10,31.809513327026366,0.5218726247549057
seas.wb 10,31.84352478790283,0.5212096303701401
seas.wb 10,31.877536248779293,0.5205466359853744
seas.wb 10,31.911547709655757,0.5198847070336342
seas.wb 10,31.945559170532224,0.5192227780818939
seas.wb 10,31.979570631408688,0.5185619086027146
seas.wb 10,32.013582092285155,0.5179010391235351
seas.wb 10,32.04759355316162,0.5172412186861038
seas.wb 10,32.08160501403808,0.5165813982486724
seas.wb 10,32.115616474914546,0.5159226700663566
seas.wb 10,32.14962793579102,0.5152639418840408
seas.wb 10,32.18363939666748,0.5146063134074211
seas.wb 10,32.217650857543944,0.5139486849308014
seas.wb 10,32.25166231842041,0.5132921665906907
seas.wb 10,32.28567377929687,0.5126356482505798
seas.wb 10,32.319685240173335,0.5119802966713906
seas.wb 10,32.3536967010498,0.5113249450922013
seas.wb 10,32.38770816192627,0.5106706961989402
seas.wb 10,32.42171962280273,0.5100164473056793
seas.wb 10,32.4557310836792,0.5093633472919464
seas.wb 10,32.48974254455566,0.5087102472782135
seas.wb 10,32.523754005432124,0.5080583095550537
seas.wb 10,32.55776546630859,0.507406371831894
seas.wb 10,32.59177692718505,0.506755618751049
seas.wb 10,32.62578838806152,0.5061048656702042
seas.wb 10,32.659799848937986,0.5054553300142288
seas.wb 10,32.69381130981445,0.5048057943582535
seas.wb 10,32.72782277069091,0.5041574254631996
seas.wb 10,32.76183423156738,0.5035090565681457
seas.wb 10,32.79584569244385,0.502861900627613
seas.wb 10,32.82985715332031,0.5022147446870804
seas.wb 10,32.863868614196775,0.5015688136219978
seas.wb 10,32.89788007507324,0.5009228825569153
seas.wb 10,32.9318915359497,0.5002781882882118
seas.wb 10,32.965902996826166,0.49963349401950835
seas.wb 10,32.99991445770263,0.4989900812506677
seas.wb 10,33.0339259185791,0.4983466684818268
seas.wb 10,33.067937379455564,0.4977044716477394
seas.wb 10,33.10194884033203,0.49706227481365206
seas.wb 10,33.13596030120849,0.4964213505387306
seas.wb 10,33.169971762084955,0.4957804262638092
seas.wb 10,33.203983222961426,0.4951407879590987
seas.wb 10,33.23799468383788,0.4945011496543884
seas.wb 10,33.272006144714354,0.4938628062605857
seas.wb 10,33.30601760559082,0.4932244628667831
seas.wb 10,33.34002906646728,0.492587447166443
seas.wb 10,33.37404052734375,0.4919504314661026
seas.wb 10,33.40805198822021,0.49131468832492836
seas.wb 10,33.44206344909668,0.490678945183754
seas.wb 10,33.47607490997314,0.49004453271627424
seas.wb 10,33.510086370849606,0.48941012024879454
seas.wb 10,33.54409783172607,0.48877703696489333
seas.wb 10,33.578109292602534,0.4881439536809921
seas.wb 10,33.612120753479005,0.4875122129917144
seas.wb 10,33.64613221435546,0.4868804723024368
seas.wb 10,33.68014367523193,0.4862501204013824
seas.wb 10,33.714155136108396,0.48561976850032806
seas.wb 10,33.74816659698486,0.4849907472729683
seas.wb 10,33.78217805786132,0.4843617260456085
seas.wb 10,33.81618951873779,0.48373406380414974
seas.wb 10,33.85020097961426,0.48310640156269075
seas.wb 10,33.88421244049072,0.4824801251292229
seas.wb 10,33.918223901367185,0.481853848695755
seas.wb 10,33.95223536224365,0.48122896403074267
seas.wb 10,33.98624682312011,0.4806040793657303
seas.wb 10,34.02025828399658,0.4799806281924247
seas.wb 10,34.05426974487305,0.4793571770191193
seas.wb 10,34.08828120574951,0.4787350967526436
seas.wb 10,34.122292666625974,0.4781130164861679
seas.wb 10,34.15630412750244,0.4774923503398896
seas.wb 10,34.19031558837891,0.47687168419361115
seas.wb 10,34.224327049255365,0.47625244855880744
seas.wb 10,34.258338510131836,0.4756332129240036
seas.wb 10,34.29234997100829,0.47501540184021007
seas.wb 10,34.32636143188476,0.4743975907564163
seas.wb 10,34.36037289276123,0.47378126382827757
seas.wb 10,34.39438435363769,0.47316493690013883
seas.wb 10,34.42839581451416,0.4725500166416167
seas.wb 10,34.46240727539062,0.4719350963830948
seas.wb 10,34.49641873626709,0.4713662952184676
seas.wb 10,34.53043019714355,0.47079749405384064
seas.wb 10,34.564441658020016,0.4702861890196801
seas.wb 10,34.59845311889649,0.4697748839855194
seas.wb 10,34.63246457977294,0.4694750517606736
seas.wb 10,34.666476040649414,0.46917521953582764
seas.wb 10,34.70048750152588,0.469072251021862
seas.wb 10,34.73449896240234,0.46896928250789643
seas.wb 10,34.768510423278805,0.4690694913268089
seas.wb 10,34.80252188415527,0.46916970014572146
seas.wb 10,34.83653334503173,0.4694928601384163
seas.wb 10,34.870544805908196,0.4698160201311111
seas.wb 10,34.90455626678467,0.47038611471652986
seas.wb 10,34.93856772766113,0.47095620930194854
seas.wb 10,34.972579188537594,0.47170881778001783
seas.wb 10,35.00659064941406,0.4724614262580872
seas.wb 10,35.04060211029052,0.4732534795999526
seas.wb 10,35.07461357116699,0.4740455329418182
seas.wb 10,35.108625032043456,0.47489286214113235
seas.wb 10,35.14263649291992,0.4757401913404465
seas.wb 10,35.17664795379638,0.47660102546215055
seas.wb 10,35.21065941467285,0.4774618595838547
seas.wb 10,35.24467087554931,0.47840921580791473
seas.wb 10,35.278682336425774,0.4793565720319748
seas.wb 10,35.312693797302245,0.48051679879426973
seas.wb 10,35.3467052581787,0.48167702555656433
seas.wb 10,35.38071671905517,0.4829017311334611
seas.wb 10,35.414728179931636,0.48412643671035765
seas.wb 10,35.4487396408081,0.4853546619415282
seas.wb 10,35.48275110168457,0.486582887172699
seas.wb 10,35.51676256256103,0.4878147512674329
seas.wb 10,35.5507740234375,0.48904661536216737
seas.wb 10,35.58478548431396,0.4902819976210594
seas.wb 10,35.618796945190425,0.4915173798799515
seas.wb 10,35.652808406066896,0.492756259441376
seas.wb 10,35.68681986694335,0.4939951390028
seas.wb 10,35.72083132781982,0.49523748755455044
seas.wb 10,35.75484278869628,0.49647983610630037
seas.wb 10,35.78885424957275,0.4977255389094354
seas.wb 10,35.822865710449214,0.4989712417125702
seas.wb 10,35.85687717132568,0.5002204045653342
seas.wb 10,35.89088863220215,0.5014695674180984
seas.wb 10,35.924900093078605,0.5027220904827115
seas.wb 10,35.958911553955076,0.5039746135473251
seas.wb 10,35.99292301483154,0.5052304595708847
seas.wb 10,36.026934475708,0.5064863055944443
seas.wb 10,36.060945936584474,0.5077454224228861
seas.wb 10,36.09495739746093,0.5090045392513275
seas.wb 10,36.1289688583374,0.5102668374776841
seas.wb 10,36.162980319213865,0.5115291357040406
seas.wb 10,36.19699178009033,0.5127947077155113
seas.wb 10,36.23100324096679,0.5140602797269821
seas.wb 10,36.265014701843256,0.5153290212154388
seas.wb 10,36.29902616271973,0.5165977627038956
seas.wb 10,36.333037623596184,0.5178696215152738
seas.wb 10,36.367049084472654,0.5191414803266525
seas.wb 10,36.40106054534912,0.5204164236783981
seas.wb 10,36.43507200622558,0.5216913670301437
seas.wb 10,36.46908346710205,0.5229692846536639
seas.wb 10,36.50309492797851,0.5242472022771836
seas.wb 10,36.53710638885498,0.5255281895399094
seas.wb 10,36.57111784973144,0.5268091768026352
seas.wb 10,36.60512931060791,0.5280931055545806
seas.wb 10,36.63914077148438,0.5293770343065262
seas.wb 10,36.673152232360835,0.530663888156414
seas.wb 10,36.7071636932373,0.5319507420063019
seas.wb 10,36.74117515411376,0.5332404524087905
seas.wb 10,36.77518661499023,0.5345301628112793
seas.wb 10,36.809198075866696,0.5358226165175438
seas.wb 10,36.84320953674316,0.5371150702238083
seas.wb 10,36.877220997619624,0.538410373032093
seas.wb 10,36.91123245849609,0.5397056758403778
seas.wb 10,36.94524391937256,0.5410037010908127
seas.wb 10,36.97925538024902,0.5423017263412475
seas.wb 10,37.013266841125485,0.5436024218797684
seas.wb 10,37.04727830200195,0.5449031174182892
seas.wb 10,37.08128976287841,0.5462064415216445
seas.wb 10,37.115301223754884,0.547509765625
seas.wb 10,37.14931268463134,0.5488155871629712
seas.wb 10,37.18332414550781,0.550121408700943
seas.wb 10,37.21733560638427,0.5514298290014265
seas.wb 10,37.25134706726074,0.5527382493019104
seas.wb 10,37.2853585281372,0.55404914021492
seas.wb 10,37.319369989013666,0.5553600311279296
seas.wb 10,37.353381449890136,0.5566733434796336
seas.wb 10,37.38739291076659,0.557986655831337
seas.wb 10,37.421404371643064,0.5593023285269738
seas.wb 10,37.45541583251953,0.5606180012226105
seas.wb 10,37.48942729339599,0.5619359165430068
seas.wb 10,37.52343875427246,0.5632538318634033
seas.wb 10,37.55745021514892,0.5645740717649457
seas.wb 10,37.59146167602539,0.5658943116664886
seas.wb 10,37.625473136901846,0.5672167509794233
seas.wb 10,37.65948459777832,0.5685391902923584
seas.wb 10,37.69349605865478,0.5698637694120408
seas.wb 10,37.727507519531244,0.5711883485317231
seas.wb 10,37.761518980407715,0.5725150227546695
seas.wb 10,37.79553044128417,0.5738416969776153
seas.wb 10,37.82954190216064,0.5751703053712846
seas.wb 10,37.863553363037106,0.5764989137649537
seas.wb 10,37.89756482391357,0.5778295695781707
seas.wb 10,37.93157628479004,0.5791602253913879
seas.wb 10,37.9655877456665,0.5804927855730055
seas.wb 10,37.99959920654297,0.5818253457546234
seas.wb 10,38.03361066741943,0.5831597536802292
seas.wb 10,38.067622128295895,0.584494161605835
seas.wb 10,38.101633589172366,0.5858303457498553
seas.wb 10,38.13564505004882,0.5871665298938751
seas.wb 10,38.169656510925286,0.5885043650865555
seas.wb 10,38.20366797180175,0.5898422002792358
seas.wb 10,38.23767943267822,0.5911817580461503
seas.wb 10,38.271690893554684,0.5925213158130646
seas.wb 10,38.30570235443115,0.5938624680042267
seas.wb 10,38.33971381530761,0.5952036201953887
seas.wb 10,38.373725276184075,0.596546298265457
seas.wb 10,38.407736737060546,0.5978889763355255
seas.wb 10,38.44174819793701,0.5992331206798553
seas.wb 10,38.47575965881347,0.6005772650241852
seas.wb 10,38.50977111968994,0.6019227117300033
seas.wb 10,38.5437825805664,0.6032681584358215
seas.wb 10,38.57779404144287,0.6046150088310244
seas.wb 10,38.61180550231933,0.6059618592262268
seas.wb 10,38.6458169631958,0.6073099702596666
seas.wb 10,38.679828424072255,0.6086580812931061
seas.wb 10,38.713839884948726,0.6100073695182802
seas.wb 10,38.74785134582519,0.6113566577434539
seas.wb 10,38.78186280670165,0.6127070665359496
seas.wb 10,38.815874267578124,0.6140574753284455
seas.wb 10,38.84988572845458,0.6154088526964185
seas.wb 10,38.88389718933105,0.6167602300643921
seas.wb 10,38.917908650207515,0.6181126505136489
seas.wb 10,38.95192011108398,0.6194650709629059
seas.wb 10,38.98593157196045,0.6208183914422991
seas.wb 10,39.019943032836906,0.6221717119216919
seas.wb 10,39.05395449371338,0.6235258638858797
seas.wb 10,39.08796595458983,0.6248800158500671
seas.wb 10,39.121977415466304,0.62623490691185
seas.wb 10,39.15598887634277,0.6275897979736328
seas.wb 10,39.19000033721923,0.6289452970027922
seas.wb 10,39.2240117980957,0.6303007960319519
seas.wb 10,39.25802325897216,0.631656965613365
seas.wb 10,39.29203471984863,0.6330131351947784
seas.wb 10,39.32604618072509,0.6343698322772979
seas.wb 10,39.36005764160156,0.6357265293598175
seas.wb 10,39.39406910247803,0.6370836675167085
seas.wb 10,39.428080563354484,0.6384408056735993
seas.wb 10,39.462092024230955,0.6397983044385911
seas.wb 10,39.49610348510742,0.6411558032035828
seas.wb 10,39.53011494598388,0.6425135195255279
seas.wb 10,39.564126406860346,0.6438712358474732
seas.wb 10,39.59813786773681,0.6452292323112487
seas.wb 10,39.63214932861328,0.6465872287750244
seas.wb 10,39.66616078948974,0.6479453533887861
seas.wb 10,39.70017225036621,0.6493034780025482
seas.wb 10,39.73418371124267,0.6506616473197937
seas.wb 10,39.768195172119135,0.6520198166370392
seas.wb 10,39.802206632995606,0.6533779472112657
seas.wb 10,39.83621809387206,0.6547360777854919
seas.wb 10,39.87022955474853,0.6560940146446229
seas.wb 10,39.904241015625,0.6574519515037537
seas.wb 10,39.93825247650146,0.6588097542524337
seas.wb 10,39.97226393737793,0.6601675570011138
seas.wb 10,40.00627539825439,0.6615250766277312
seas.wb 10,40.04028685913085,0.6628825962543488
seas.wb 10,40.074298320007316,0.6642397463321685
seas.wb 10,40.108309780883786,0.6655968964099884
seas.wb 10,40.14232124176025,0.6669535785913467
seas.wb 10,40.176332702636714,0.6683102607727051
seas.wb 10,40.21034416351318,0.6696663230657578
seas.wb 10,40.24435562438964,0.6710223853588104
seas.wb 10,40.27836708526611,0.672377896308899
seas.wb 10,40.312378546142575,0.6737334072589874
seas.wb 10,40.34639000701904,0.6750881880521774
seas.wb 10,40.3804014678955,0.6764429688453675
seas.wb 10,40.41441292877197,0.6777969479560851
seas.wb 10,40.44842438964844,0.679150927066803
seas.wb 10,40.4824358505249,0.6805040121078492
seas.wb 10,40.516447311401365,0.6818570971488953
seas.wb 10,40.55045877227782,0.6832091093063353
seas.wb 10,40.58447023315429,0.6845611214637757
seas.wb 10,40.618481694030756,0.6859121412038803
seas.wb 10,40.65249315490722,0.687263160943985
seas.wb 10,40.68650461578369,0.68861300945282
seas.wb 10,40.72051607666015,0.6899628579616547
seas.wb 10,40.75452753753662,0.691311451792717
seas.wb 10,40.78853899841308,0.6926600456237793
seas.wb 10,40.822550459289545,0.6940072774887084
seas.wb 10,40.856561920166016,0.6953545093536377
seas.wb 10,40.89057338104247,0.6967002272605894
seas.wb 10,40.92458484191894,0.6980459451675415
seas.wb 10,40.95859630279541,0.6993902027606964
seas.wb 10,40.99260776367187,0.7007344603538513
seas.wb 10,41.026619224548334,0.7020770877599716
seas.wb 10,41.0606306854248,0.7034197151660919
seas.wb 10,41.09464214630127,0.7047606199979783
seas.wb 10,41.128653607177725,0.7061015248298645
seas.wb 10,41.162665068054196,0.707440608739853
seas.wb 10,41.19667652893066,0.7087796926498413
seas.wb 10,41.23068798980712,0.7101167887449263
seas.wb 10,41.264699450683594,0.7114538848400116
seas.wb 10,41.29871091156005,0.7127890467643736
seas.wb 10,41.33272237243652,0.7141242086887359
seas.wb 10,41.366733833312985,0.7154572635889054
seas.wb 10,41.40074529418945,0.7167903184890747
seas.wb 10,41.43475675506592,0.718121185898781
seas.wb 10,41.468768215942376,0.7194520533084869
seas.wb 10,41.50277967681885,0.7207806110382082
seas.wb 10,41.5367911376953,0.7221091687679291
seas.wb 10,41.570802598571774,0.7234352678060533
seas.wb 10,41.60481405944824,0.7247613668441772
seas.wb 10,41.6388255203247,0.7260850399732589
seas.wb 10,41.67283698120117,0.7274087131023407
seas.wb 10,41.70684844207763,0.7287298053503035
seas.wb 10,41.7408599029541,0.7300508975982666
seas.wb 10,41.77487136383056,0.7313692986965179
seas.wb 10,41.80888282470703,0.7326876997947693
seas.wb 10,41.8428942855835,0.7340033233165743
seas.wb 10,41.876905746459954,0.735318946838379
seas.wb 10,41.910917207336425,0.7366316169500352
seas.wb 10,41.94492866821289,0.7379442870616912
seas.wb 10,41.97894012908935,0.7392540425062181
seas.wb 10,42.01295158996581,0.7405637979507447
seas.wb 10,42.04696305084228,0.741870477795601
seas.wb 10,42.08097451171874,0.7431771576404571
seas.wb 10,42.11498597259521,0.7444806605577468
seas.wb 10,42.14899743347168,0.7457841634750366
seas.wb 10,42.183008894348134,0.7470843911170958
seas.wb 10,42.217020355224605,0.7483846187591553
seas.wb 10,42.25103181610107,0.7496813893318176
seas.wb 10,42.28504327697753,0.75097815990448
seas.wb 10,42.319054737854,0.7522715300321581
seas.wb 10,42.35306619873046,0.7535649001598358
seas.wb 10,42.38707765960693,0.7548547029495241
seas.wb 10,42.421089120483394,0.756144505739212
seas.wb 10,42.45510058135986,0.7574306309223175
seas.wb 10,42.48911204223632,0.758716756105423
seas.wb 10,42.523123503112785,0.7599991112947463
seas.wb 10,42.557134963989256,0.7612814664840698
seas.wb 10,42.59114642486571,0.7624696612358093
seas.wb 10,42.62515788574218,0.7636578559875489
seas.wb 10,42.65916934661865,0.7644512861967087
seas.wb 10,42.69318080749511,0.7652447164058686
seas.wb 10,42.72719226837158,0.7658738046884538
seas.wb 10,42.76120372924804,0.7665028929710388
seas.wb 10,42.79521519012451,0.7671045988798142
seas.wb 10,42.82922665100097,0.7677063047885895
seas.wb 10,42.863238111877436,0.7681410819292068
seas.wb 10,42.89724957275391,0.7685758590698242
seas.wb 10,42.93126103363036,0.7689848601818084
seas.wb 10,42.965272494506834,0.7693938612937927
seas.wb 10,42.99928395538329,0.7696900755167008
seas.wb 10,43.03329541625976,0.7699862897396088
seas.wb 10,43.067306877136225,0.7702783852815628
seas.wb 10,43.10131833801269,0.7705704808235169
seas.wb 10,43.13532979888916,0.7708626091480255
seas.wb 10,43.169341259765616,0.7711547374725342
seas.wb 10,43.20335272064209,0.7714469194412231
seas.wb 10,43.23736418151855,0.7717391014099121
seas.wb 10,43.271375642395014,0.7720313012599945
seas.wb 10,43.305387103271485,0.7723235011100769
seas.wb 10,43.33939856414794,0.7726140707731247
seas.wb 10,43.37341002502441,0.7729046404361725
seas.wb 10,43.407421485900876,0.7731614202260971
seas.wb 10,43.44143294677734,0.7734182000160217
seas.wb 10,43.475444407653804,0.7736569195985794
seas.wb 10,43.50945586853027,0.7738956391811371
seas.wb 10,43.54346732940673,0.774134510755539
seas.wb 10,43.577478790283195,0.7743733823299408
seas.wb 10,43.611490251159665,0.7746123939752578
seas.wb 10,43.64550171203613,0.774851405620575
seas.wb 10,43.67951317291259,0.775090578198433
seas.wb 10,43.713524633789056,0.7753297507762908
seas.wb 10,43.74753609466552,0.7755690693855286
seas.wb 10,43.78154755554199,0.7758083879947663
seas.wb 10,43.815559016418455,0.7760478526353836
seas.wb 10,43.84957047729492,0.776287317276001
seas.wb 10,43.88358193817138,0.7765269249677658
seas.wb 10,43.917593399047846,0.7767665326595307
seas.wb 10,43.95160485992431,0.7770062685012817
seas.wb 10,43.98561632080077,0.7772460043430328
seas.wb 10,44.019627781677244,0.7774858951568604
seas.wb 10,44.0536392425537,0.7777257859706879
seas.wb 10,44.08765070343017,0.7779658168554306
seas.wb 10,44.121662164306635,0.7782058477401733
seas.wb 10,44.1556736251831,0.7784460067749024
seas.wb 10,44.18968508605957,0.7786861658096313
seas.wb 10,44.223696546936026,0.7789264678955078
seas.wb 10,44.2577080078125,0.7791667699813842
seas.wb 10,44.29171946868896,0.779407188296318
seas.wb 10,44.325730929565424,0.7796476066112519
seas.wb 10,44.359742390441895,0.7798881739377975
seas.wb 10,44.39375385131835,0.7801287412643433
seas.wb 10,44.42776531219482,0.7803694278001785
seas.wb 10,44.46177677307128,0.7806101143360138
seas.wb 10,44.49578823394775,0.7808467507362366
seas.wb 10,44.52979969482421,0.7810833871364593
seas.wb 10,44.56381115570068,0.7813196152448654
seas.wb 10,44.59782261657715,0.7815558433532714
seas.wb 10,44.631834077453604,0.7817921996116638
seas.wb 10,44.665845538330075,0.7820285558700562
seas.wb 10,44.69985699920654,0.7822650581598282
seas.wb 10,44.733868460083,0.7825015604496002
seas.wb 10,44.76787992095947,0.7827381879091263
seas.wb 10,44.80189138183593,0.7829748153686523
seas.wb 10,44.8359028427124,0.7832115739583969
seas.wb 10,44.86991430358886,0.7834483325481415
seas.wb 10,44.90392576446533,0.7836852163076401
seas.wb 10,44.93793722534179,0.7839221000671387
seas.wb 10,44.971948686218255,0.7841591000556946
seas.wb 10,45.005960147094726,0.7843961000442505
seas.wb 10,45.03997160797118,0.7846332371234894
seas.wb 10,45.07398306884765,0.7848703742027283
seas.wb 10,45.10799452972412,0.7851076245307922
seas.wb 10,45.14200599060058,0.7853448748588562
seas.wb 10,45.17601745147705,0.7855822563171386
seas.wb 10,45.21002891235351,0.7858196377754212
seas.wb 10,45.24404037322998,0.7860571295022964
seas.wb 10,45.27805183410644,0.7862946212291717
seas.wb 10,45.312063294982906,0.7865322202444076
seas.wb 10,45.34607475585938,0.7867698192596435
seas.wb 10,45.38008621673583,0.787007549405098
seas.wb 10,45.4140976776123,0.7872452795505523
seas.wb 10,45.44810913848876,0.7874831229448318
seas.wb 10,45.48212059936523,0.7877209663391114
seas.wb 10,45.516132060241695,0.7879589229822159
seas.wb 10,45.55014352111816,0.7881968796253205
seas.wb 10,45.58415498199462,0.7884349435567856
seas.wb 10,45.618166442871086,0.7886730074882508
seas.wb 10,45.65217790374756,0.7889111667871476
seas.wb 10,45.68618936462402,0.7891493260860443
seas.wb 10,45.720200825500484,0.7893876016139985
seas.wb 10,45.75421228637695,0.7896258771419525
seas.wb 10,45.78822374725341,0.789864256978035
seas.wb 10,45.82223520812988,0.7901026368141174
seas.wb 10,45.85624666900634,0.7903411239385605
seas.wb 10,45.89025812988281,0.7905796110630036
seas.wb 10,45.924269590759266,0.7908181995153427
seas.wb 10,45.95828105163574,0.7910567879676819
seas.wb 10,45.9922925125122,0.7912954568862915
seas.wb 10,46.026303973388664,0.7915341258049011
seas.wb 10,46.060315434265135,0.7917704641819
seas.wb 10,46.09432689514159,0.7920068025588989
seas.wb 10,46.12833835601806,0.7922259956598282
seas.wb 10,46.162349816894526,0.7924451887607574
seas.wb 10,46.19636127777099,0.7926645010709763
seas.wb 10,46.23037273864746,0.7928838133811951
seas.wb 10,46.26438419952392,0.7931032449007034
seas.wb 10,46.29839566040039,0.7933226764202118
seas.wb 10,46.332407121276844,0.793542206287384
seas.wb 10,46.366418582153315,0.7937617361545563
seas.wb 10,46.40043004302978,0.7939814060926438
seas.wb 10,46.43444150390624,0.7942010760307312
seas.wb 10,46.46845296478271,0.794420850276947
seas.wb 10,46.50246442565917,0.7946406245231629
seas.wb 10,46.53647588653564,0.7948605120182037
seas.wb 10,46.570487347412104,0.7950803995132446
seas.wb 10,46.60449880828857,0.7953004032373429
seas.wb 10,46.63851026916504,0.795520406961441
seas.wb 10,46.672521730041495,0.7957123219966888
seas.wb 10,46.706533190917966,0.7959042370319367
seas.wb 10,46.74054465179443,0.7960916996002197
seas.wb 10,46.77455611267089,0.7962791621685028
seas.wb 10,46.80856757354736,0.7964667975902557
seas.wb 10,46.84257903442382,0.7966544330120087
seas.wb 10,46.876590495300285,0.7968422293663024
seas.wb 10,46.91060195617675,0.7970300257205963
seas.wb 10,46.94461341705322,0.7972179859876632
seas.wb 10,46.97862487792968,0.7974059462547303
seas.wb 10,47.012636338806146,0.797594067454338
seas.wb 10,47.04664779968261,0.7977821886539459
seas.wb 10,47.080659260559074,0.7979704767465592
seas.wb 10,47.114670721435544,0.7981587648391724
seas.wb 10,47.14868218231201,0.7983472168445587
seas.wb 10,47.18269364318847,0.7985356688499451
seas.wb 10,47.216705104064935,0.7987242728471756
seas.wb 10,47.2507165649414,0.7989128768444062
seas.wb 10,47.28472802581786,0.7991016417741775
seas.wb 10,47.31873948669433,0.799290406703949
seas.wb 10,47.3527509475708,0.7994793266057968
seas.wb 10,47.386762408447254,0.7996682465076447
seas.wb 10,47.420773869323725,0.7998573243618011
seas.wb 10,47.45478533020019,0.8000464022159577
seas.wb 10,47.48879679107665,0.8002350568771363
seas.wb 10,47.52280825195312,0.8004237115383148
seas.wb 10,47.55681971282958,0.8006057918071747
seas.wb 10,47.59083117370605,0.8007878720760345
seas.wb 10,47.624842634582514,0.8009701281785965
seas.wb 10,47.65885409545898,0.8011523842811584
seas.wb 10,47.69286555633545,0.8013347834348679
seas.wb 10,47.726877017211905,0.8015171825885773
seas.wb 10,47.760888478088376,0.8016997694969177
seas.wb 10,47.79489993896483,0.8018823564052582
seas.wb 10,47.8289113998413,0.8020650982856751
seas.wb 10,47.86292286071777,0.802247840166092
seas.wb 10,47.89693432159423,0.8024307519197464
seas.wb 10,47.9309457824707,0.8026136636734009
seas.wb 10,47.96495724334716,0.802778035402298
seas.wb 10,47.99896870422363,0.802942407131195
seas.wb 10,48.03298016510009,0.8030944883823394
seas.wb 10,48.066991625976556,0.8032465696334838
seas.wb 10,48.10100308685303,0.8033988296985626
seas.wb 10,48.13501454772948,0.8035510897636413
seas.wb 10,48.169026008605954,0.8037035346031189
seas.wb 10,48.20303746948242,0.8038559794425965
seas.wb 10,48.23704893035888,0.804008600115776
seas.wb 10,48.271060391235345,0.8041612207889557
seas.wb 10,48.30507185211181,0.8043140202760697
seas.wb 10,48.33908331298828,0.8044668197631836
seas.wb 10,48.373094773864736,0.8046197801828384
seas.wb 10,48.40710623474121,0.8047727406024933
seas.wb 10,48.44111769561767,0.8049258798360824
seas.wb 10,48.475129156494134,0.8050790190696716
seas.wb 10,48.509140617370605,0.8052323400974274
seas.wb 10,48.54315207824706,0.8053856611251831
seas.wb 10,48.57716353912353,0.8055391520261764
seas.wb 10,48.611174999999996,0.8056926429271698
seas.wb 10,48.64518646087646,0.805846306681633
seas.wb 10,48.67919792175293,0.8059999704360962
seas.wb 10,48.71320938262939,0.8059288948774338
seas.wb 10,48.74722084350585,0.8058578193187713
seas.wb 10,48.781232304382314,0.805553525686264
seas.wb 10,48.815243765258785,0.8052492320537568
seas.wb 10,48.84925522613525,0.8049376755952835
seas.wb 10,48.88326668701171,0.8046261191368103
seas.wb 10,48.917278147888176,0.8039448082447052
seas.wb 10,48.95128960876464,0.8032634973526
seas.wb 10,48.98530106964111,0.8011616110801695
seas.wb 10,49.019312530517574,0.7990597248077392
seas.wb 10,49.05332399139404,0.7968415409326554
seas.wb 10,49.0873354522705,0.7946233570575714
seas.wb 10,49.121346913146965,0.7923241794109347
seas.wb 10,49.155358374023436,0.7900250017642975
seas.wb 10,49.1893698348999,0.7906662046909332
seas.wb 10,49.22338129577636,0.791307407617569
seas.wb 10,49.25739275665282,0.7929356485605237
seas.wb 10,49.29140421752929,0.794563889503479
seas.wb 10,49.325415678405754,0.794563889503479
seas.wb 10,49.35942713928222,0.794563889503479
seas.wb 10,49.39343860015869,0.794563889503479
seas.wb 10,49.427450061035145,0.794563889503479
seas.wb 10,49.461461521911616,0.794563889503479
seas.wb 10,49.49547298278808,0.794563889503479
seas.wb 10,49.52948444366454,0.794563889503479
seas.wb 10,49.563495904541014,0.794563889503479
seas.wb 10,49.59750736541747,0.794563889503479
seas.wb 10,49.63151882629394,0.794563889503479
seas.wb 10,49.665530287170405,0.794563889503479
seas.wb 10,49.69954174804687,0.794563889503479
seas.wb 10,49.73355320892333,0.794563889503479
seas.wb 10,49.767564669799796,0.794563889503479
seas.wb 10,49.80157613067627,0.794563889503479
seas.wb 10,49.83558759155272,0.794563889503479
seas.wb 10,49.869599052429194,0.794563889503479
seas.wb 10,49.90361051330566,0.794563889503479
seas.wb 10,49.93762197418212,0.794563889503479
seas.wb 10,49.97163343505859,0.794563889503479
seas.wb 10,50.00564489593505,0.794563889503479
seas.wb 10,50.03965635681152,0.794563889503479
seas.wb 10,50.073667817687976,0.794563889503479
seas.wb 10,50.10767927856445,0.794563889503479
seas.wb 10,50.14169073944092,0.794563889503479
seas.wb 10,50.175702200317374,0.794563889503479
seas.wb 10,50.209713661193845,0.794563889503479
seas.wb 10,50.2437251220703,0.794563889503479
seas.wb 10,50.27773658294677,0.794563889503479
seas.wb 10,50.31174804382324,0.794563889503479
seas.wb 10,50.3457595046997,0.794563889503479
seas.wb 10,50.37977096557617,0.794563889503479
seas.wb 10,50.41378242645263,0.794563889503479
seas.wb 10,50.4477938873291,0.794563889503479
seas.wb 10,50.481805348205555,0.794563889503479
seas.wb 10,50.515816809082025,0.794563889503479
seas.wb 10,50.549828269958496,0.794563889503479
seas.wb 10,50.58383973083495,0.794563889503479
seas.wb 10,50.617851191711424,0.794563889503479
seas.wb 10,50.65186265258788,0.794563889503479
seas.wb 10,50.68587411346435,0.794563889503479
seas.wb 10,50.71988557434081,0.794563889503479
seas.wb 10,50.75389703521728,0.794563889503479
seas.wb 10,50.78790849609375,0.794563889503479
seas.wb 10,50.821919956970206,0.794563889503479
seas.wb 10,50.855931417846676,0.794563889503479
seas.wb 10,50.88994287872313,0.794563889503479
seas.wb 10,50.923954339599604,0.794563889503479
seas.wb 10,50.957965800476074,0.794563889503479
seas.wb 10,50.99197726135253,0.794563889503479
seas.wb 10,51.025988722229,0.794563889503479
seas.wb 10,51.06000018310546,0.794563889503479
seas.wb 10,51.09401164398193,0.794563889503479
seas.wb 10,51.1280231048584,0.794563889503479
seas.wb 10,51.16203456573486,0.794563889503479
seas.wb 10,51.19604602661133,0.794563889503479
seas.wb 10,51.230057487487784,0.794563889503479
seas.wb 10,51.264068948364255,0.794563889503479
seas.wb 10,51.298080409240725,0.794563889503479
seas.wb 10,51.33209187011718,0.794563889503479
seas.wb 10,51.36610333099365,0.794563889503479
seas.wb 10,51.40011479187011,0.794563889503479
seas.wb 10,51.434126252746566,0.794563889503479
seas.wb 10,51.46813771362304,0.794563889503479
seas.wb 10,51.50214917449951,0.794563889503479
seas.wb 10,51.536160635375964,0.794563889503479
seas.wb 10,51.570172096252435,0.794563889503479
seas.wb 10,51.60418355712889,0.794563889503479
seas.wb 10,51.63819501800536,0.794563889503479
seas.wb 10,51.67220647888183,0.794563889503479
seas.wb 10,51.70621793975829,0.794563889503479
seas.wb 10,51.74022940063476,0.794563889503479
seas.wb 10,51.77424086151122,0.794563889503479
seas.wb 10,51.80825232238769,0.794563889503479
seas.wb 10,51.84226378326416,0.794563889503479
seas.wb 10,51.876275244140615,0.794563889503479
seas.wb 10,51.910286705017086,0.794563889503479
seas.wb 10,51.94429816589354,0.794563889503479
seas.wb 10,51.97830962677001,0.794563889503479
seas.wb 10,52.012321087646484,0.794563889503479
seas.wb 10,52.04633254852294,0.794563889503479
seas.wb 10,52.08034400939941,0.794563889503479
