variable,x,y
ann.dd 10,-2361.4020263671873,0.07218283193651587
ann.dd 10,-2355.533344628906,0.07218283193651587
ann.dd 10,-2349.6646628906246,0.07218283193651587
ann.dd 10,-2343.7959811523438,0.07218283193651587
ann.dd 10,-2337.9272994140624,0.07218283193651587
ann.dd 10,-2332.058617675781,0.07218283193651587
ann.dd 10,-2326.1899359374997,0.07218283193651587
ann.dd 10,-2320.3212541992184,0.07218283193651587
ann.dd 10,-2314.4525724609375,0.07218283193651587
ann.dd 10,-2308.583890722656,0.07218283193651587
ann.dd 10,-2302.715208984375,0.07218283193651587
ann.dd 10,-2296.8465272460935,0.07218283193651587
ann.dd 10,-2290.977845507812,0.07218283193651587
ann.dd 10,-2285.1091637695313,0.07218283193651587
ann.dd 10,-2279.24048203125,0.07218283193651587
ann.dd 10,-2273.3718002929686,0.07218283193651587
ann.dd 10,-2267.5031185546873,0.07218283193651587
ann.dd 10,-2261.634436816406,0.07218283193651587
ann.dd 10,-2255.765755078125,0.07218283193651587
ann.dd 10,-2249.8970733398437,0.07218283193651587
ann.dd 10,-2244.0283916015624,0.07218283193651587
ann.dd 10,-2238.159709863281,0.07218283193651587
ann.dd 10,-2232.2910281249997,0.07218283193651587
ann.dd 10,-2226.4223463867183,0.07218283193651587
ann.dd 10,-2220.5536646484375,0.07218283193651587
ann.dd 10,-2214.684982910156,0.07218283193651587
ann.dd 10,-2208.816301171875,0.07218283193651587
ann.dd 10,-2202.9476194335934,0.07218283193651587
ann.dd 10,-2197.0789376953126,0.07218283193651587
ann.dd 10,-2191.210255957031,0.07218283193651587
ann.dd 10,-2185.34157421875,0.07218283193651587
ann.dd 10,-2179.4728924804685,0.07218283193651587
ann.dd 10,-2173.604210742187,0.07218283193651587
ann.dd 10,-2167.735529003906,0.07218283193651587
ann.dd 10,-2161.866847265625,0.07218283193651587
ann.dd 10,-2155.9981655273436,0.07218283193651587
ann.dd 10,-2150.1294837890623,0.07218283193651587
ann.dd 10,-2144.260802050781,0.07218283193651587
ann.dd 10,-2138.3921203124996,0.07218283193651587
ann.dd 10,-2132.5234385742187,0.07218283193651587
ann.dd 10,-2126.6547568359374,0.07218283193651587
ann.dd 10,-2120.786075097656,0.07218283193651587
ann.dd 10,-2114.9173933593747,0.07218283193651587
ann.dd 10,-2109.0487116210934,0.07218283193651587
ann.dd 10,-2103.1800298828125,0.07218283193651587
ann.dd 10,-2097.311348144531,0.07218283193651587
ann.dd 10,-2091.44266640625,0.07218283193651587
ann.dd 10,-2085.5739846679685,0.07218283193651587
ann.dd 10,-2079.7053029296876,0.07218283193651587
ann.dd 10,-2073.8366211914063,0.07218283193651587
ann.dd 10,-2067.967939453125,0.07218283193651587
ann.dd 10,-2062.0992577148436,0.07218283193651587
ann.dd 10,-2056.2305759765622,0.07218283193651587
ann.dd 10,-2050.361894238281,0.07218283193651587
ann.dd 10,-2044.4932124999998,0.07218283193651587
ann.dd 10,-2038.6245307617187,0.07218283193651587
ann.dd 10,-2032.7558490234373,0.07218283193651587
ann.dd 10,-2026.887167285156,0.07218283193651587
ann.dd 10,-2021.018485546875,0.07218283193651587
ann.dd 10,-2015.1498038085936,0.07218283193651587
ann.dd 10,-2009.2811220703124,0.07218283193651587
ann.dd 10,-2003.412440332031,0.07218283193651587
ann.dd 10,-1997.5437585937498,0.07218283193651587
ann.dd 10,-1991.6750768554687,0.07218283193651587
ann.dd 10,-1985.8063951171873,0.07218283193651587
ann.dd 10,-1979.9377133789062,0.07218283193651587
ann.dd 10,-1974.0690316406249,0.07218283193651587
ann.dd 10,-1968.2003499023435,0.07218283193651587
ann.dd 10,-1962.3316681640624,0.07218283193651587
ann.dd 10,-1956.462986425781,0.07218283193651587
ann.dd 10,-1950.5943046874997,0.07218283193651587
ann.dd 10,-1944.7256229492186,0.07218283193651587
ann.dd 10,-1938.8569412109373,0.07218283193651587
ann.dd 10,-1932.9882594726562,0.07218283193651587
ann.dd 10,-1927.1195777343748,0.07218283193651587
ann.dd 10,-1921.2508959960935,0.07218283193651587
ann.dd 10,-1915.3822142578124,0.07218283193651587
ann.dd 10,-1909.513532519531,0.07218283193651587
ann.dd 10,-1903.64485078125,0.07218283193651587
ann.dd 10,-1897.7761690429686,0.07218283193651587
ann.dd 10,-1891.9074873046873,0.07218283193651587
ann.dd 10,-1886.0388055664062,0.07218283193651587
ann.dd 10,-1880.1701238281248,0.07218283193651587
ann.dd 10,-1874.3014420898435,0.07229679613374174
ann.dd 10,-1868.4327603515624,0.0724107603309676
ann.dd 10,-1862.5640786132813,0.07275471267057583
ann.dd 10,-1856.695396875,0.07309866501018406
ann.dd 10,-1850.8267151367186,0.07344573806039989
ann.dd 10,-1844.9580333984372,0.07379281111061572
ann.dd 10,-1839.0893516601561,0.07414302200777456
ann.dd 10,-1833.2206699218748,0.0744932329049334
ann.dd 10,-1827.3519881835937,0.07484661597991363
ann.dd 10,-1821.4833064453123,0.07519999905489386
ann.dd 10,-1815.614624707031,0.07555657192133367
ann.dd 10,-1809.74594296875,0.07591314478777349
ann.dd 10,-1803.8772612304685,0.07627294133417309
ann.dd 10,-1798.0085794921874,0.07663273788057268
ann.dd 10,-1792.139897753906,0.07699577899184078
ann.dd 10,-1786.2712160156248,0.07735882010310888
ann.dd 10,-1780.4025342773436,0.07772513604722917
ann.dd 10,-1774.5338525390623,0.07809145199134945
ann.dd 10,-1768.6651708007812,0.07846106549259275
ann.dd 10,-1762.7964890624999,0.07883067899383604
ann.dd 10,-1756.9278073242185,0.07920362188015133
ann.dd 10,-1751.0591255859372,0.07957656476646661
ann.dd 10,-1745.190443847656,0.07995285780634731
ann.dd 10,-1739.321762109375,0.080329150846228
ann.dd 10,-1733.4530803710936,0.0807088288711384
ann.dd 10,-1727.5843986328123,0.08108850689604878
ann.dd 10,-1721.715716894531,0.08147158869542181
ann.dd 10,-1715.8470351562498,0.08185467049479485
ann.dd 10,-1709.9783534179687,0.08224119343794882
ann.dd 10,-1704.1096716796874,0.0826277163811028
ann.dd 10,-1698.240989941406,0.08301770018879324
ann.dd 10,-1692.3723082031247,0.08340768399648368
ann.dd 10,-1686.5036264648436,0.08380116221960635
ann.dd 10,-1680.6349447265625,0.084194640442729
ann.dd 10,-1674.7662629882811,0.08459163443185388
ann.dd 10,-1668.8975812499998,0.08498862842097879
ann.dd 10,-1663.0288995117185,0.08538917126134038
ann.dd 10,-1657.1602177734374,0.08578971410170197
ann.dd 10,-1651.2915360351562,0.08619383843615651
ann.dd 10,-1645.422854296875,0.08659796277061105
ann.dd 10,-1639.5541725585936,0.08700568771455437
ann.dd 10,-1633.6854908203122,0.0874134126584977
ann.dd 10,-1627.816809082031,0.0878247770247981
ann.dd 10,-1621.94812734375,0.0882361413910985
ann.dd 10,-1616.0794456054687,0.08865116590168327
ann.dd 10,-1610.2107638671873,0.08906619041226804
ann.dd 10,-1604.342082128906,0.08948491108603776
ann.dd 10,-1598.4734003906249,0.08990363175980746
ann.dd 10,-1592.6047186523438,0.09032607001718133
ann.dd 10,-1586.7360369140624,0.0907485082745552
ann.dd 10,-1580.867355175781,0.09117470439523459
ann.dd 10,-1574.9986734374997,0.09160090051591396
ann.dd 10,-1569.1299916992184,0.09203087405767293
ann.dd 10,-1563.2613099609375,0.09246084759943188
ann.dd 10,-1557.3926282226562,0.09289463751483709
ann.dd 10,-1551.5239464843748,0.0933284274302423
ann.dd 10,-1545.6552647460935,0.09376605583820492
ann.dd 10,-1539.7865830078122,0.09420368424616754
ann.dd 10,-1533.9179012695313,0.0946451880969107
ann.dd 10,-1528.04921953125,0.09508669194765389
ann.dd 10,-1522.1805377929686,0.09553209519945086
ann.dd 10,-1516.3118560546873,0.09597749845124781
ann.dd 10,-1510.443174316406,0.09642684173304589
ann.dd 10,-1504.574492578125,0.09687618501484394
ann.dd 10,-1498.7058108398437,0.09732948786113411
ann.dd 10,-1492.8371291015624,0.09778279070742428
ann.dd 10,-1486.968447363281,0.09824009544681758
ann.dd 10,-1481.0997656249997,0.09869740018621087
ann.dd 10,-1475.2310838867188,0.09915872723795473
ann.dd 10,-1469.3624021484375,0.0996200542896986
ann.dd 10,-1463.4937204101561,0.10008544512093068
ann.dd 10,-1457.6250386718748,0.10055083595216274
ann.dd 10,-1451.7563569335935,0.10102031487040224
ann.dd 10,-1445.8876751953126,0.10148979378864169
ann.dd 10,-1440.0189934570312,0.10196340028196574
ann.dd 10,-1434.15031171875,0.10243700677528977
ann.dd 10,-1428.2816299804686,0.10291476305574179
ann.dd 10,-1422.4129482421872,0.1033925193361938
ann.dd 10,-1416.5442665039063,0.10387446847744283
ann.dd 10,-1410.675584765625,0.10435641761869192
ann.dd 10,-1404.8069030273437,0.10484258253127336
ann.dd 10,-1398.9382212890623,0.10532874744385481
ann.dd 10,-1393.0695395507812,0.10581917059607804
ann.dd 10,-1387.2008578124999,0.10630959374830126
ann.dd 10,-1381.3321760742188,0.10680429860949517
ann.dd 10,-1375.4634943359374,0.10729900347068906
ann.dd 10,-1369.594812597656,0.1077980313450098
ann.dd 10,-1363.726130859375,0.10829705921933055
ann.dd 10,-1357.8574491210936,0.10880043599754571
ann.dd 10,-1351.9887673828125,0.10930381277576089
ann.dd 10,-1346.1200856445312,0.10981157580390573
ann.dd 10,-1340.2514039062498,0.11031933883205056
ann.dd 10,-1334.3827221679687,0.11083152582868934
ann.dd 10,-1328.5140404296874,0.11134371282532811
ann.dd 10,-1322.645358691406,0.11186035014688969
ann.dd 10,-1316.776676953125,0.11237698746845126
ann.dd 10,-1310.9079952148436,0.11289811702445149
ann.dd 10,-1305.0393134765623,0.11341924658045173
ann.dd 10,-1299.1706317382811,0.11394489565864205
ann.dd 10,-1293.3019499999998,0.11447054473683238
ann.dd 10,-1287.4332682617187,0.11500075520016254
ann.dd 10,-1281.5645865234374,0.11553096566349268
ann.dd 10,-1275.695904785156,0.11606576321646571
ann.dd 10,-1269.827223046875,0.11660056076943874
ann.dd 10,-1263.9585413085936,0.11713999011553825
ann.dd 10,-1258.0898595703125,0.11767941946163774
ann.dd 10,-1252.2211778320311,0.11822350514121353
ann.dd 10,-1246.3524960937498,0.11876759082078933
ann.dd 10,-1240.4838143554687,0.11931638116948307
ann.dd 10,-1234.6151326171876,0.1198651715181768
ann.dd 10,-1228.7464508789062,0.12041868916712702
ann.dd 10,-1222.8777691406249,0.12097220681607723
ann.dd 10,-1217.0090874023435,0.1215304985176772
ann.dd 10,-1211.1404056640624,0.12208879021927714
ann.dd 10,-1205.2717239257813,0.12265188153833151
ann.dd 10,-1199.4030421875,0.12321497285738588
ann.dd 10,-1193.5343604492186,0.12378291157074273
ann.dd 10,-1187.6656787109373,0.12435085028409958
ann.dd 10,-1181.7969969726562,0.12492366079241038
ann.dd 10,-1175.928315234375,0.12549647130072117
ann.dd 10,-1170.0596334960935,0.12607420254498722
ann.dd 10,-1164.1909517578124,0.12665193378925324
ann.dd 10,-1158.322270019531,0.12723460965789854
ann.dd 10,-1152.45358828125,0.12781728552654387
ann.dd 10,-1146.5849065429688,0.12840495645068584
ann.dd 10,-1140.7162248046873,0.12899262737482786
ann.dd 10,-1134.8475430664062,0.12958531649783253
ann.dd 10,-1128.9788613281248,0.1301780056208372
ann.dd 10,-1123.1101795898437,0.13077576449140907
ann.dd 10,-1117.2414978515626,0.1313735233619809
ann.dd 10,-1111.372816113281,0.13197637572884563
ann.dd 10,-1105.504134375,0.13257922809571027
ann.dd 10,-1099.6354526367186,0.1331872260197997
ann.dd 10,-1093.7667708984375,0.13379522394388915
ann.dd 10,-1087.8980891601564,0.13440839117392894
ann.dd 10,-1082.0294074218748,0.13502155840396882
ann.dd 10,-1076.1607256835937,0.13563994765281678
ann.dd 10,-1070.2920439453123,0.13625833690166472
ann.dd 10,-1064.4233622070312,0.13688197238370775
ann.dd 10,-1058.55468046875,0.13750560786575078
ann.dd 10,-1052.6859987304686,0.1381345422938466
ann.dd 10,-1046.8173169921874,0.13876347672194242
ann.dd 10,-1040.948635253906,0.13939773393794894
ann.dd 10,-1035.079953515625,0.14003199115395545
ann.dd 10,-1029.2112717773437,0.14067162089049817
ann.dd 10,-1023.3425900390623,0.14131125062704086
ann.dd 10,-1017.4739083007812,0.14195629050955177
ann.dd 10,-1011.6052265624999,0.14260133039206266
ann.dd 10,-1005.7365448242188,0.14325181897729636
ann.dd 10,-999.8678630859374,0.14390230756253003
ann.dd 10,-993.9991813476561,0.1445582827553153
ann.dd 10,-988.130499609375,0.14521425794810056
ann.dd 10,-982.2618178710936,0.1458757624030113
ann.dd 10,-976.3931361328125,0.14653726685792207
ann.dd 10,-970.5244543945312,0.14720433820039033
ann.dd 10,-964.6557726562498,0.1478714095428586
ann.dd 10,-958.7870909179687,0.1485440898686647
ann.dd 10,-952.9184091796874,0.14921677019447088
ann.dd 10,-947.049727441406,0.1498950977809727
ann.dd 10,-941.1810457031249,0.15057342536747456
ann.dd 10,-935.3123639648436,0.1512574439868331
ann.dd 10,-929.4436822265625,0.15194146260619162
ann.dd 10,-923.5750004882811,0.15263121109455824
ann.dd 10,-917.7063187499998,0.15332095958292485
ann.dd 10,-911.8376370117187,0.15401647984981537
ann.dd 10,-905.9689552734374,0.15471200011670588
ann.dd 10,-900.1002735351562,0.15541333155706524
ann.dd 10,-894.2315917968749,0.1561146629974246
ann.dd 10,-888.3629100585936,0.15682184910401703
ann.dd 10,-882.4942283203125,0.15752903521060943
ann.dd 10,-876.6255465820311,0.15824211630970242
ann.dd 10,-870.75686484375,0.15895519740879535
ann.dd 10,-864.8881831054687,0.15967421215027572
ann.dd 10,-859.0195013671873,0.16039322689175606
ann.dd 10,-853.1508196289062,0.16111822305247187
ann.dd 10,-847.2821378906249,0.1618432192131877
ann.dd 10,-841.4134561523438,0.16257423758506773
ann.dd 10,-835.5447744140624,0.1633052559569478
ann.dd 10,-829.6760926757811,0.16404233928769826
ann.dd 10,-823.8074109375,0.16477942261844875
ann.dd 10,-817.9387291992186,0.16552261207252741
ann.dd 10,-812.0700474609375,0.16626580152660608
ann.dd 10,-806.201365722656,0.16701513789594175
ann.dd 10,-800.3326839843749,0.16776447426527738
ann.dd 10,-794.4640022460937,0.16852000653743743
ann.dd 10,-788.5953205078124,0.1692755388095975
ann.dd 10,-782.7266387695313,0.17003730237483977
ann.dd 10,-776.8579570312497,0.17079906594008207
ann.dd 10,-770.9892752929686,0.17156711062416435
ann.dd 10,-765.1205935546875,0.1723351553082466
ann.dd 10,-759.2519118164062,0.17310952097177507
ann.dd 10,-753.383230078125,0.1738838866353035
ann.dd 10,-747.5145483398435,0.17466461602598432
ann.dd 10,-741.6458666015624,0.17544534541666507
ann.dd 10,-735.7771848632813,0.176232485845685
ann.dd 10,-729.9085031249999,0.17701962627470494
ann.dd 10,-724.0398213867188,0.17781321648508308
ann.dd 10,-718.1711396484372,0.17860680669546128
ann.dd 10,-712.3024579101561,0.1794068966060877
ann.dd 10,-706.433776171875,0.1802069865167141
ann.dd 10,-700.5650944335937,0.18101361952722073
ann.dd 10,-694.6964126953123,0.18182025253772735
ann.dd 10,-688.827730957031,0.18263346813619138
ann.dd 10,-682.9590492187499,0.1834466837346554
ann.dd 10,-677.0903674804688,0.18426653034985063
ann.dd 10,-671.2216857421874,0.18508637696504593
ann.dd 10,-665.3530040039061,0.185912898555398
ann.dd 10,-659.4843222656248,0.18673942014575004
ann.dd 10,-653.6156405273437,0.18757266253232957
ann.dd 10,-647.7469587890625,0.18840590491890907
ann.dd 10,-641.8782770507812,0.18924591243267058
ann.dd 10,-636.0095953124999,0.19008591994643212
ann.dd 10,-630.1409135742185,0.19093273654580117
ann.dd 10,-624.2722318359374,0.1917795531451702
ann.dd 10,-618.4035500976563,0.19263322819024323
ann.dd 10,-612.534868359375,0.19348690323531628
ann.dd 10,-606.6661866210936,0.1943474730476737
ann.dd 10,-600.7975048828123,0.19520804286003113
ann.dd 10,-594.9288231445312,0.19607556536793708
ann.dd 10,-589.0601414062501,0.19694308787584305
ann.dd 10,-583.1914596679685,0.1978176007047296
ann.dd 10,-577.3227779296874,0.19869211353361607
ann.dd 10,-571.454096191406,0.19957366287708284
ann.dd 10,-565.5854144531249,0.20045521222054957
ann.dd 10,-559.7167327148438,0.20134384315460915
ann.dd 10,-553.8480509765623,0.20223247408866882
ann.dd 10,-547.9793692382812,0.20312823168933392
ann.dd 10,-542.1106874999998,0.204023989289999
ann.dd 10,-536.2420057617187,0.20492693074047566
ann.dd 10,-530.3733240234376,0.2058298721909523
ann.dd 10,-524.504642285156,0.20674003101885324
ann.dd 10,-518.6359605468749,0.20765018984675407
ann.dd 10,-512.7672788085936,0.20856762118637562
ann.dd 10,-506.89859707031246,0.20948505252599717
ann.dd 10,-501.02991533203135,0.21040979567915197
ann.dd 10,-495.1612335937498,0.21133453883230685
ann.dd 10,-489.2925518554687,0.2122666448354721
ann.dd 10,-483.42387011718733,0.21319875083863735
ann.dd 10,-477.5551883789062,0.21413826178759338
ann.dd 10,-471.6865066406251,0.21507777273654938
ann.dd 10,-465.81782490234355,0.21602473407983785
ann.dd 10,-459.94914316406243,0.21697169542312622
ann.dd 10,-454.0804614257813,0.21792616173624993
ann.dd 10,-448.2117796875,0.21888062804937364
ann.dd 10,-442.34309794921865,0.21984264086931943
ann.dd 10,-436.4744162109373,0.22080465368926525
ann.dd 10,-430.6057344726562,0.22177425995469094
ann.dd 10,-424.7370527343751,0.2227438662201166
ann.dd 10,-418.86837099609374,0.22372111529111863
ann.dd 10,-412.9996892578124,0.22469836436212062
ann.dd 10,-407.13100751953107,0.22568330075591803
ann.dd 10,-401.26232578124996,0.22666823714971543
ann.dd 10,-395.39364404296884,0.22766090370714664
ann.dd 10,-389.5249623046875,0.22865357026457786
ann.dd 10,-383.65628056640617,0.22965402118861675
ann.dd 10,-377.7875988281248,0.23065447211265563
ann.dd 10,-371.9189170898437,0.23166275061666966
ann.dd 10,-366.0502353515626,0.23267102912068366
ann.dd 10,-360.18155361328127,0.23368717916309834
ann.dd 10,-354.3128718749999,0.234703329205513
ann.dd 10,-348.4441901367186,0.23572739996016026
ann.dd 10,-342.5755083984375,0.2367514707148075
ann.dd 10,-336.70682666015637,0.237783508375287
ann.dd 10,-330.8381449218748,0.2388155460357666
ann.dd 10,-324.9694631835937,0.2398556001484394
ann.dd 10,-319.10078144531235,0.2408956542611122
ann.dd 10,-313.232099707031,0.24194376841187482
ann.dd 10,-307.3634179687501,0.24299188256263732
ann.dd 10,-301.4947362304688,0.24404809772968292
ann.dd 10,-295.62605449218745,0.24510431289672852
ann.dd 10,-289.7573727539061,0.2461686845868826
ann.dd 10,-283.8886910156248,0.24723305627703668
ann.dd 10,-278.0200092773439,0.2483056262135505
ann.dd 10,-272.15132753906255,0.24937819615006446
ann.dd 10,-266.2826458007812,0.250459012016654
ann.dd 10,-260.4139640624999,0.2515398278832436
ann.dd 10,-254.54528232421853,0.2526289351284504
ann.dd 10,-248.6766005859372,0.25371804237365725
ann.dd 10,-242.8079188476563,0.25481548383831976
ann.dd 10,-236.93923710937497,0.2559129253029823
ann.dd 10,-231.07055537109363,0.2570187509059906
ann.dd 10,-225.2018736328123,0.2581245765089989
ann.dd 10,-219.33319189453096,0.25923882424831396
ann.dd 10,-213.46451015625007,0.2603530719876289
ann.dd 10,-207.59582841796873,0.26147579662501813
ann.dd 10,-201.7271466796874,0.2625985212624073
ann.dd 10,-195.85846494140606,0.2637297596782446
ann.dd 10,-189.98978320312472,0.26486099809408187
ann.dd 10,-184.12110146484383,0.2660007961094379
ann.dd 10,-178.2524197265625,0.267140594124794
ann.dd 10,-172.38373798828115,0.26828900165855885
ann.dd 10,-166.51505624999982,0.2694374091923237
ann.dd 10,-160.64637451171848,0.27059446461498743
ann.dd 10,-154.7776927734376,0.2717515200376511
ann.dd 10,-148.90901103515625,0.27291726842522623
ann.dd 10,-143.04032929687492,0.27408301681280134
ann.dd 10,-137.17164755859358,0.27525749802589417
ann.dd 10,-131.30296582031224,0.276431979238987
ann.dd 10,-125.43428408203135,0.27761524133384224
ann.dd 10,-119.56560234375002,0.2787985034286976
ann.dd 10,-113.69692060546868,0.27999058738350874
ann.dd 10,-107.82823886718779,0.28118267133831976
ann.dd 10,-101.959557128906,0.28238361887633806
ann.dd 10,-96.09087539062511,0.28358456641435625
ann.dd 10,-90.22219365234378,0.28479441702365876
ann.dd 10,-84.35351191406244,0.2860042676329613
ann.dd 10,-78.48483017578155,0.28722306750714777
ann.dd 10,-72.61614843749976,0.2884418673813343
ann.dd 10,-66.74746669921888,0.28966964818537233
ann.dd 10,-60.87878496093754,0.2908974289894104
ann.dd 10,-55.0101032226562,0.29213423952460293
ann.dd 10,-49.141421484375314,0.29337105005979536
ann.dd 10,-43.27273974609352,0.29461692422628405
ann.dd 10,-37.40405800781264,0.2958627983927727
ann.dd 10,-31.535376269531298,0.297117780148983
ann.dd 10,-25.66669453124996,0.29837276190519335
ann.dd 10,-19.798012792969075,0.29963687807321543
ann.dd 10,-13.929331054687282,0.3009009942412376
ann.dd 10,-8.060649316405943,0.30217429697513587
ann.dd 10,-2.191967578125059,0.30344759970903395
ann.dd 10,3.67671416015628,0.3047301128506661
ann.dd 10,9.545395898437164,0.3060126259922981
ann.dd 10,15.414077636718957,0.30730439275503163
ann.dd 10,21.282759375000296,0.30859615951776503
ann.dd 10,27.15144111328118,0.3098972156643867
ann.dd 10,33.02012285156252,0.31119827181100845
ann.dd 10,38.8888045898434,0.3125086486339569
ann.dd 10,44.7574863281252,0.3138190254569054
ann.dd 10,50.626168066406535,0.31513875797390944
ann.dd 10,56.49484980468742,0.3164584904909134
ann.dd 10,62.36353154296876,0.3177876062691212
ann.dd 10,68.23221328124964,0.31911672204732894
ann.dd 10,74.10089501953144,0.320455251634121
ann.dd 10,79.96957675781277,0.32179378122091296
ann.dd 10,85.83825849609366,0.3231417648494243
ann.dd 10,91.706940234375,0.32448974847793577
ann.dd 10,97.57562197265588,0.3258472084999084
ann.dd 10,103.44430371093767,0.3272046685218811
ann.dd 10,109.31298544921901,0.32857162877917295
ann.dd 10,115.1816671874999,0.32993858903646467
ann.dd 10,121.05034892578124,0.33131508529186254
ann.dd 10,126.91903066406212,0.3326915815472603
ann.dd 10,132.7877124023439,0.334077636897564
ann.dd 10,138.65639414062525,0.3354636922478676
ann.dd 10,144.52507587890614,0.33685932308435435
ann.dd 10,150.39375761718748,0.3382549539208412
ann.dd 10,156.26243935546836,0.3396601937711238
ann.dd 10,162.13112109375015,0.34106543362140657
ann.dd 10,167.9998028320315,0.34248029664158824
ann.dd 10,173.86848457031238,0.34389515966176987
ann.dd 10,179.73716630859371,0.34531967043876655
ann.dd 10,185.6058480468746,0.3467441812157631
ann.dd 10,191.4745297851564,0.3481783531606198
ann.dd 10,197.34321152343773,0.34961252510547636
ann.dd 10,203.21189326171861,0.351056382805109
ann.dd 10,209.08057499999995,0.35250024050474166
ann.dd 10,214.94925673828084,0.3539537876844405
ann.dd 10,220.81793847656263,0.35540733486413956
ann.dd 10,226.68662021484397,0.35687059685587885
ann.dd 10,232.55530195312485,0.3583338588476181
ann.dd 10,238.4239836914062,0.3598068356513977
ann.dd 10,244.29266542968753,0.3612798124551773
ann.dd 10,250.16134716796887,0.3627625234425068
ann.dd 10,256.0300289062502,0.36424523442983625
ann.dd 10,261.8987106445311,0.36573768332600587
ann.dd 10,267.76739238281243,0.3672301322221756
ann.dd 10,273.63607412109377,0.36873232051730154
ann.dd 10,279.5047558593751,0.37023450881242753
ann.dd 10,285.37343759765645,0.3717464461922646
ann.dd 10,291.24211933593733,0.3732583835721016
ann.dd 10,297.11080107421867,0.3747800670564175
ann.dd 10,302.9794828125,0.37630175054073334
ann.dd 10,308.84816455078135,0.3778331808745861
ann.dd 10,314.7168462890627,0.3793646112084389
ann.dd 10,320.58552802734357,0.3809057831764221
ann.dd 10,326.4542097656249,0.38244695514440535
ann.dd 10,332.32289150390625,0.38399785831570626
ann.dd 10,338.1915732421876,0.3855487614870071
ann.dd 10,344.0602549804689,0.3871093980967999
ann.dd 10,349.9289367187498,0.38867003470659256
ann.dd 10,355.79761845703115,0.3902403853833675
ann.dd 10,361.6663001953125,0.3918107360601425
ann.dd 10,367.5349819335938,0.39339078962802887
ann.dd 10,373.40366367187517,0.39497084319591524
ann.dd 10,379.27234541015605,0.3965605810284614
ann.dd 10,385.1410271484374,0.3981503188610077
ann.dd 10,391.0097088867187,0.3997497230768204
ann.dd 10,396.87839062500007,0.40134912729263306
ann.dd 10,402.7470723632814,0.4029581710696221
ann.dd 10,408.6157541015623,0.404567214846611
ann.dd 10,414.4844358398436,0.4061858743429184
ann.dd 10,420.35311757812497,0.40780453383922577
ann.dd 10,426.2217993164063,0.40943277776241305
ann.dd 10,432.09048105468764,0.41106102168560027
ann.dd 10,437.9591627929685,0.4126988232135772
ann.dd 10,443.82784453124987,0.41433662474155425
ann.dd 10,449.6965262695312,0.4159839406609535
ann.dd 10,455.56520800781254,0.41763125658035277
ann.dd 10,461.4338897460939,0.41928804367780687
ann.dd 10,467.3025714843752,0.4209448307752609
ann.dd 10,473.1712532226561,0.4226110562682151
ann.dd 10,479.03993496093744,0.4242772817611694
ann.dd 10,484.9086166992188,0.42595289200544356
ann.dd 10,490.7772984375001,0.4276285022497177
ann.dd 10,496.64598017578146,0.4293134391307832
ann.dd 10,502.51466191406234,0.4309983760118484
ann.dd 10,508.3833436523437,0.4326925963163376
ann.dd 10,514.252025390625,0.43438681662082673
ann.dd 10,520.1207071289064,0.4360902518033981
ann.dd 10,525.9893888671877,0.43779368698596954
ann.dd 10,531.8580706054686,0.4395062804222106
ann.dd 10,537.7267523437499,0.4412188738584518
ann.dd 10,543.5954340820313,0.44294055104255675
ann.dd 10,549.4641158203126,0.4446622282266617
ann.dd 10,555.3327975585939,0.44639291912317286
ann.dd 10,561.2014792968748,0.4481236100196838
ann.dd 10,567.0701610351562,0.4498632326722145
ann.dd 10,572.9388427734375,0.4516028553247452
ann.dd 10,578.8075245117188,0.4533513307571411
ann.dd 10,584.6762062500002,0.45509980618953705
ann.dd 10,590.5448879882811,0.456857044994831
ann.dd 10,596.4135697265624,0.45861428380012514
ann.dd 10,602.2822514648437,0.46038019806146624
ann.dd 10,608.1509332031251,0.46214611232280733
ann.dd 10,614.0196149414064,0.4639205962419511
ann.dd 10,619.8882966796873,0.4656950801610947
ann.dd 10,625.7569784179686,0.46747804135084153
ann.dd 10,631.62566015625,0.4692610025405884
ann.dd 10,637.4943418945313,0.47105232775211336
ann.dd 10,643.3630236328127,0.4728436529636383
ann.dd 10,649.2317053710935,0.4746432229876517
ann.dd 10,655.1003871093749,0.47644279301166537
ann.dd 10,660.9690688476562,0.4782504990696907
ann.dd 10,666.8377505859376,0.4800582051277161
ann.dd 10,672.7064323242189,0.48187391608953484
ann.dd 10,678.5751140624998,0.48368962705135343
ann.dd 10,684.4437958007811,0.48551321476697923
ann.dd 10,690.3124775390625,0.48733680248260497
ann.dd 10,696.1811592773438,0.4891681268811226
ann.dd 10,702.0498410156251,0.4909994512796402
ann.dd 10,707.918522753906,0.4928383767604828
ann.dd 10,713.7872044921874,0.4946773022413254
ann.dd 10,719.6558862304692,0.49652365893125544
ann.dd 10,725.52456796875,0.4983700156211853
ann.dd 10,731.3932497070314,0.5002236679196358
ann.dd 10,737.2619314453123,0.5020773202180863
ann.dd 10,743.1306131835936,0.5038799092173576
ann.dd 10,748.9992949218754,0.505682498216629
ann.dd 10,754.8679766601563,0.5073876902461052
ann.dd 10,760.7366583984376,0.5090928822755814
ann.dd 10,766.6053401367185,0.5107885643839836
ann.dd 10,772.4740218749998,0.5124842464923859
ann.dd 10,778.3427036132816,0.5141843155026437
ann.dd 10,784.2113853515625,0.5158843845129013
ann.dd 10,790.0800670898439,0.517588721215725
ann.dd 10,795.9487488281247,0.5192930579185486
ann.dd 10,801.8174305664061,0.5210015639662743
ann.dd 10,807.6861123046879,0.5227100700139999
ann.dd 10,813.5547940429688,0.5244226038455964
ann.dd 10,819.4234757812501,0.5261351376771927
ann.dd 10,825.292157519531,0.527851602435112
ann.dd 10,831.1608392578123,0.5295680671930313
ann.dd 10,837.0295209960941,0.5312883272767068
ann.dd 10,842.898202734375,0.533008587360382
ann.dd 10,848.7668844726563,0.534732523560524
ann.dd 10,854.6355662109372,0.5364564597606659
ann.dd 10,860.5042479492186,0.5381390929222107
ann.dd 10,866.3729296875003,0.5398217260837554
ann.dd 10,872.2416114257812,0.5413463279604912
ann.dd 10,878.1102931640626,0.5428709298372268
ann.dd 10,883.9789749023435,0.544387686252594
ann.dd 10,889.8476566406248,0.5459044426679611
ann.dd 10,895.7163383789066,0.5474233105778695
ann.dd 10,901.5850201171875,0.5489421784877777
ann.dd 10,907.4537018554688,0.550463093817234
ann.dd 10,913.3223835937497,0.5519840091466903
ann.dd 10,919.191065332031,0.5535068586468697
ann.dd 10,925.0597470703128,0.555029708147049
ann.dd 10,930.9284288085937,0.5565544098615647
ann.dd 10,936.797110546875,0.5580791115760804
ann.dd 10,942.6657922851559,0.5596055746078491
ann.dd 10,948.5344740234373,0.5611320376396179
ann.dd 10,954.4031557617191,0.562660175561905
ann.dd 10,960.2718375,0.5641883134841919
ann.dd 10,966.1405192382813,0.5657180219888687
ann.dd 10,972.0092009765626,0.5672477304935455
ann.dd 10,977.8778827148435,0.5687789171934127
ann.dd 10,983.7465644531253,0.5703101038932801
ann.dd 10,989.6152461914062,0.571842685341835
ann.dd 10,995.4839279296875,0.57337526679039
ann.dd 10,1001.3526096679689,0.5749091356992722
ann.dd 10,1007.2212914062497,0.5764430046081543
ann.dd 10,1013.0899731445315,0.5779780626296998
ann.dd 10,1018.9586548828124,0.5795131206512452
ann.dd 10,1024.8273366210938,0.5810492813587189
ann.dd 10,1030.696018359375,0.5825854420661927
ann.dd 10,1036.564700097656,0.5841225832700728
ann.dd 10,1042.4333818359378,0.5856597244739532
ann.dd 10,1048.3020635742187,0.5871977746486663
ann.dd 10,1054.1707453125,0.5887358248233795
ann.dd 10,1060.0394270507813,0.5902746528387071
ann.dd 10,1065.9081087890622,0.5918134808540344
ann.dd 10,1071.776790527344,0.593353021144867
ann.dd 10,1077.645472265625,0.5948925614356995
ann.dd 10,1083.5141540039062,0.596421691775322
ann.dd 10,1089.3828357421876,0.5979508221149444
ann.dd 10,1095.2515174804685,0.5994397789239883
ann.dd 10,1101.1201992187503,0.6009287357330322
ann.dd 10,1106.9888809570311,0.602356818318367
ann.dd 10,1112.8575626953125,0.6037849009037017
ann.dd 10,1118.7262444335938,0.605212488770485
ann.dd 10,1124.5949261718747,0.606640076637268
ann.dd 10,1130.4636079101565,0.6080677330493928
ann.dd 10,1136.3322896484374,0.6094953894615174
ann.dd 10,1142.2009713867187,0.6109230428934097
ann.dd 10,1148.069653125,0.6123506963253021
ann.dd 10,1153.938334863281,0.6137782514095306
ann.dd 10,1159.8070166015627,0.6152058064937591
ann.dd 10,1165.6756983398436,0.6166331917047501
ann.dd 10,1171.544380078125,0.618060576915741
ann.dd 10,1177.4130618164063,0.6194876879453659
ann.dd 10,1183.2817435546872,0.6209147989749908
ann.dd 10,1189.150425292969,0.6223415732383728
ann.dd 10,1195.0191070312503,0.6237683475017548
ann.dd 10,1200.8877887695312,0.6251946836709976
ann.dd 10,1206.7564705078125,0.6266210198402404
ann.dd 10,1212.6251522460934,0.6280468136072158
ann.dd 10,1218.4938339843752,0.6294726073741913
ann.dd 10,1224.3625157226566,0.6308978229761124
ann.dd 10,1230.2311974609374,0.6323230385780334
ann.dd 10,1236.0998791992188,0.6337475389242172
ann.dd 10,1241.9685609374997,0.635172039270401
ann.dd 10,1247.8372426757815,0.6365957647562027
ann.dd 10,1253.7059244140628,0.6380194902420044
ann.dd 10,1259.5746061523437,0.6394423395395279
ann.dd 10,1265.443287890625,0.6408651888370513
ann.dd 10,1271.311969628906,0.6422870784997939
ann.dd 10,1277.1806513671877,0.6437089681625366
ann.dd 10,1283.049333105469,0.64512979388237
ann.dd 10,1288.91801484375,0.6465506196022034
ann.dd 10,1294.7866965820313,0.6479703217744828
ann.dd 10,1300.6553783203121,0.649390023946762
ann.dd 10,1306.524060058594,0.6508084833621979
ann.dd 10,1312.3927417968753,0.6522269427776337
ann.dd 10,1318.2614235351562,0.6536440908908844
ann.dd 10,1324.1301052734375,0.6550612390041352
ann.dd 10,1329.9987870117184,0.6564769595861434
ann.dd 10,1335.8674687500002,0.6578926801681518
ann.dd 10,1341.7361504882815,0.6593069106340408
ann.dd 10,1347.6048322265624,0.6607211410999299
ann.dd 10,1353.4735139648437,0.6621337592601776
ann.dd 10,1359.3421957031246,0.6635463774204254
ann.dd 10,1365.2108774414064,0.664957332611084
ann.dd 10,1371.0795591796877,0.6663682878017425
ann.dd 10,1376.9482409179686,0.6677774429321289
ann.dd 10,1382.81692265625,0.6691865980625152
ann.dd 10,1388.6856043945309,0.670593899488449
ann.dd 10,1394.5542861328126,0.672001200914383
ann.dd 10,1400.422967871094,0.6734065175056457
ann.dd 10,1406.2916496093749,0.6748118340969086
ann.dd 10,1412.1603313476562,0.6762151062488556
ann.dd 10,1418.029013085937,0.6776183784008026
ann.dd 10,1423.8976948242184,0.6790194898843765
ann.dd 10,1429.7663765625002,0.6804206013679505
ann.dd 10,1435.635058300781,0.681819486618042
ann.dd 10,1441.5037400390624,0.6832183718681335
ann.dd 10,1447.3724217773433,0.6846149027347564
ann.dd 10,1453.2411035156247,0.6860114336013794
ann.dd 10,1459.1097852539065,0.6874055445194245
ann.dd 10,1464.9784669921874,0.6887996554374695
ann.dd 10,1470.8471487304687,0.6901912301778793
ann.dd 10,1476.71583046875,0.6915828049182892
ann.dd 10,1482.584512207031,0.69297177195549
ann.dd 10,1488.4531939453127,0.694360738992691
ann.dd 10,1494.3218756835936,0.6957469880580902
ann.dd 10,1500.190557421875,0.6971332371234894
ann.dd 10,1506.0592391601563,0.6985166877508163
ann.dd 10,1511.9279208984372,0.6999001383781434
ann.dd 10,1517.796602636719,0.7012806743383408
ann.dd 10,1523.6652843749998,0.7026612102985382
ann.dd 10,1529.5339661132812,0.7040387570858002
ann.dd 10,1535.4026478515625,0.7054163038730621
ann.dd 10,1541.2713295898434,0.7067907691001891
ann.dd 10,1547.1400113281252,0.7081652343273163
ann.dd 10,1553.008693066406,0.7095364987850189
ann.dd 10,1558.8773748046874,0.7109077632427215
ann.dd 10,1564.7460565429687,0.7122757732868195
ann.dd 10,1570.6147382812496,0.7136437833309174
ann.dd 10,1576.4834200195314,0.7150084108114243
ann.dd 10,1582.3521017578123,0.7163730382919311
ann.dd 10,1588.2207834960936,0.7177342027425766
ann.dd 10,1594.089465234375,0.7190953671932221
ann.dd 10,1599.9581469726559,0.720452970266342
ann.dd 10,1605.8268287109377,0.7218105733394623
ann.dd 10,1611.6955104492185,0.7231645375490189
ann.dd 10,1617.5641921874999,0.7245185017585755
ann.dd 10,1623.4328739257812,0.72586869597435
ann.dd 10,1629.301555664062,0.7272188901901245
ann.dd 10,1635.170237402344,0.728565275669098
ann.dd 10,1641.0389191406248,0.7299116611480713
ann.dd 10,1646.9076008789061,0.7312540858983994
ann.dd 10,1652.7762826171875,0.7325965106487274
ann.dd 10,1658.6449643554683,0.7339349299669264
ann.dd 10,1664.5136460937501,0.7352733492851258
ann.dd 10,1670.382327832031,0.7366076350212097
ann.dd 10,1676.2510095703124,0.7379419207572937
ann.dd 10,1682.1196913085937,0.739272004365921
ann.dd 10,1687.9883730468746,0.7406020879745483
ann.dd 10,1693.8570547851564,0.7419278621673584
ann.dd 10,1699.7257365234377,0.7432536363601685
ann.dd 10,1705.5944182617186,0.7445750296115875
ann.dd 10,1711.4631,0.7458964228630066
ann.dd 10,1717.3317817382808,0.7472133159637451
ann.dd 10,1723.2004634765626,0.7485302090644836
ann.dd 10,1729.069145214844,0.7498425364494323
ann.dd 10,1734.9378269531253,0.7511548638343811
ann.dd 10,1740.8065086914057,0.7524625062942504
ann.dd 10,1746.675190429687,0.7537701487541199
ann.dd 10,1752.5438721679684,0.7550730526447296
ann.dd 10,1758.4125539062497,0.7563759565353394
ann.dd 10,1764.281235644531,0.7576739937067032
ann.dd 10,1770.1499173828124,0.758972030878067
ann.dd 10,1776.0185991210938,0.7602651447057724
ann.dd 10,1781.887280859375,0.7615582585334778
ann.dd 10,1787.7559625976564,0.7628463357686996
ann.dd 10,1793.6246443359378,0.7641344130039215
ann.dd 10,1799.4933260742182,0.7654173880815505
ann.dd 10,1805.3620078124995,0.7667003631591797
ann.dd 10,1811.2306895507818,0.7679781138896943
ann.dd 10,1817.0993712890622,0.7692558646202088
ann.dd 10,1822.9680530273436,0.7705283433198928
ann.dd 10,1828.836734765625,0.771800822019577
ann.dd 10,1834.7054165039062,0.7730679094791413
ann.dd 10,1840.5740982421876,0.7743349969387054
ann.dd 10,1846.442779980469,0.7755966275930405
ann.dd 10,1852.3114617187503,0.7768582582473755
ann.dd 10,1858.1801434570307,0.7781143516302108
ann.dd 10,1864.048825195313,0.7793704450130463
ann.dd 10,1869.9175069335934,0.7806208848953247
ann.dd 10,1875.7861886718747,0.7818713247776031
ann.dd 10,1881.654870410157,0.7831160664558412
ann.dd 10,1887.5235521484374,0.7843608081340789
ann.dd 10,1893.3922338867187,0.7855997323989868
ann.dd 10,1899.260915625,0.7868386566638946
ann.dd 10,1905.1295973632814,0.7880717128515243
ann.dd 10,1910.9982791015627,0.789304769039154
ann.dd 10,1916.8669608398432,0.7905318439006804
ann.dd 10,1922.7356425781254,0.791758918762207
ann.dd 10,1928.6043243164058,0.7929689407348632
ann.dd 10,1934.4730060546872,0.7941789627075195
ann.dd 10,1940.3416877929694,0.7953022062778474
ann.dd 10,1946.2103695312499,0.7964254498481751
ann.dd 10,1952.0790512695312,0.7975273221731186
ann.dd 10,1957.9477330078125,0.7986291944980621
ann.dd 10,1963.8164147460939,0.7996514439582825
ann.dd 10,1969.6850964843752,0.8006736934185028
ann.dd 10,1975.5537782226556,0.801678431034088
ann.dd 10,1981.4224599609379,0.8026831686496735
ann.dd 10,1987.2911416992183,0.80350082218647
ann.dd 10,1993.1598234374997,0.8043184757232666
ann.dd 10,1999.028505175782,0.8049744606018067
ann.dd 10,2004.8971869140623,0.8056304454803467
ann.dd 10,2010.7658686523437,0.8058340400457382
ann.dd 10,2016.634550390625,0.8060376346111298
ann.dd 10,2022.5032321289063,0.8059118777513504
ann.dd 10,2028.3719138671877,0.8057861208915711
ann.dd 10,2034.2405956054681,0.8055887699127198
ann.dd 10,2040.1092773437504,0.8053914189338685
ann.dd 10,2045.9779590820308,0.8051533252000809
ann.dd 10,2051.846640820312,0.8049152314662933
ann.dd 10,2057.7153225585944,0.8045601844787598
ann.dd 10,2063.584004296875,0.8042051374912262
ann.dd 10,2069.452686035156,0.8037899017333985
ann.dd 10,2075.3213677734375,0.8033746659755707
ann.dd 10,2081.190049511719,0.8029537975788117
ann.dd 10,2087.05873125,0.8025329291820527
ann.dd 10,2092.9274129882815,0.8020842760801316
ann.dd 10,2098.796094726563,0.8016356229782104
ann.dd 10,2104.6647764648433,0.8006568670272827
ann.dd 10,2110.5334582031246,0.799678111076355
ann.dd 10,2116.402139941407,0.7980543106794356
ann.dd 10,2122.2708216796873,0.7964305102825164
ann.dd 10,2128.1395034179686,0.7946752458810806
ann.dd 10,2134.00818515625,0.7929199814796448
ann.dd 10,2139.8768668945313,0.7905790865421294
ann.dd 10,2145.7455486328117,0.7882381916046143
ann.dd 10,2151.614230371094,0.7858528584241866
ann.dd 10,2157.4829121093753,0.7834675252437592
ann.dd 10,2163.3515938476557,0.7810304790735245
ann.dd 10,2169.220275585937,0.7785934329032898
ann.dd 10,2175.0889573242184,0.7760361492633819
ann.dd 10,2180.9576390624998,0.7734788656234741
ann.dd 10,2186.826320800781,0.770232954621315
ann.dd 10,2192.6950025390624,0.7669870436191559
ann.dd 10,2198.563684277344,0.7630328565835951
ann.dd 10,2204.432366015624,0.7590786695480347
ann.dd 10,2210.3010477539065,0.7549266278743743
ann.dd 10,2216.169729492188,0.7507745862007141
ann.dd 10,2222.0384112304682,0.7465817809104921
ann.dd 10,2227.9070929687496,0.7423889756202697
ann.dd 10,2233.775774707031,0.7381583362817764
ann.dd 10,2239.6444564453122,0.7339276969432831
ann.dd 10,2245.5131381835936,0.7296624511480332
ann.dd 10,2251.381819921875,0.7253972053527832
ann.dd 10,2257.2505016601563,0.7211003094911573
ann.dd 10,2263.1191833984367,0.7168034136295318
ann.dd 10,2268.987865136719,0.7124779134988783
ann.dd 10,2274.8565468750003,0.7081524133682251
ann.dd 10,2280.7252286132807,0.7038012325763704
ann.dd 10,2286.593910351562,0.6994500517845154
ann.dd 10,2292.4625920898434,0.6950763911008835
ann.dd 10,2298.3312738281247,0.6907027304172516
ann.dd 10,2304.199955566406,0.6863094687461853
ann.dd 10,2310.0686373046874,0.681916207075119
ann.dd 10,2315.9373190429687,0.6775062918663023
ann.dd 10,2321.806000781249,0.673096376657486
ann.dd 10,2327.6746825195314,0.6686726421117781
ann.dd 10,2333.5433642578128,0.6642489075660706
ann.dd 10,2339.412045996093,0.6598143845796594
ann.dd 10,2345.2807277343754,0.6553798615932465
ann.dd 10,2351.149409472656,0.65093729197979
ann.dd 10,2357.018091210937,0.646494722366333
ann.dd 10,2362.8867729492185,0.6420468658208847
ann.dd 10,2368.7554546875,0.6375990092754364
ann.dd 10,2374.624136425781,0.6331484973430631
ann.dd 10,2380.4928181640616,0.6286979854106903
ann.dd 10,2386.361499902344,0.6242476344108578
ann.dd 10,2392.2301816406252,0.619797283411026
ann.dd 10,2398.0988633789057,0.6153496176004418
ann.dd 10,2403.967545117188,0.610901951789856
ann.dd 10,2409.8362268554683,0.6064594745635989
ann.dd 10,2415.7049085937497,0.6020169973373413
ann.dd 10,2421.573590332031,0.5975820690393447
ann.dd 10,2427.4422720703124,0.5931471407413482
ann.dd 10,2433.3109538085937,0.58872235417366
ann.dd 10,2439.179635546874,0.5842975676059723
ann.dd 10,2445.0483172851564,0.5798851102590559
ann.dd 10,2450.9169990234377,0.5754726529121399
ann.dd 10,2456.785680761718,0.5710747838020331
ann.dd 10,2462.6543625000004,0.566676914691925
ann.dd 10,2468.523044238281,0.5622956812381747
ann.dd 10,2474.391725976562,0.5579144477844238
ann.dd 10,2480.2604077148435,0.553552120923996
ann.dd 10,2486.129089453125,0.5491897940635682
ann.dd 10,2491.997771191406,0.5448482930660246
ann.dd 10,2497.8664529296866,0.5405067920684814
ann.dd 10,2503.735134667969,0.5361880332231519
ann.dd 10,2509.60381640625,0.5318692743778228
ann.dd 10,2515.4724981445306,0.5275751024484642
ann.dd 10,2521.341179882813,0.523280930519104
ann.dd 10,2527.2098616210933,0.5190130263566973
ann.dd 10,2533.0785433593746,0.5147451221942901
ann.dd 10,2538.947225097657,0.5105053424835198
ann.dd 10,2544.8159068359373,0.5062655627727508
ann.dd 10,2550.6845885742187,0.5020554214715955
ann.dd 10,2556.553270312499,0.49784528017044066
ann.dd 10,2562.4219520507813,0.4936663106083866
ann.dd 10,2568.2906337890627,0.4894873410463333
ann.dd 10,2574.159315527343,0.4853409066796309
ann.dd 10,2580.0279972656253,0.4811944723129272
ann.dd 10,2585.896679003906,0.4770821094512943
ann.dd 10,2591.765360742187,0.4729697465896606
ann.dd 10,2597.6340424804694,0.46889266967773374
ann.dd 10,2603.50272421875,0.4648155927658081
ann.dd 10,2609.371405957031,0.4607750162482258
ann.dd 10,2615.2400876953116,0.4567344397306442
ann.dd 10,2621.108769433594,0.45274031013250315
ann.dd 10,2626.977451171875,0.44874618053436277
ann.dd 10,2632.8461329101556,0.44479895979166084
ann.dd 10,2638.714814648438,0.4408517390489578
ann.dd 10,2644.5834963867183,0.43694387227296866
ann.dd 10,2650.4521781249996,0.43303600549697874
ann.dd 10,2656.320859863282,0.42916841357946345
ann.dd 10,2662.1895416015623,0.42530082166194916
ann.dd 10,2668.0582233398436,0.42147427350282635
ann.dd 10,2673.926905078124,0.4176477253437042
ann.dd 10,2679.7955868164063,0.41386316865682565
ann.dd 10,2685.6642685546876,0.4100786119699478
ann.dd 10,2691.532950292968,0.40633668005466517
ann.dd 10,2697.4016320312503,0.4025947481393814
ann.dd 10,2703.2703137695307,0.3988961040973667
ann.dd 10,2709.138995507812,0.3951974600553513
ann.dd 10,2715.0076772460943,0.39154262393712946
ann.dd 10,2720.8763589843747,0.3878877878189087
ann.dd 10,2726.745040722656,0.38423057794570886
ann.dd 10,2732.6137224609365,0.38057336807250974
ann.dd 10,2738.4824041992188,0.3769240334630009
ann.dd 10,2744.3510859375,0.37327469885349274
ann.dd 10,2750.2197676757805,0.36876907497644484
ann.dd 10,2756.088449414063,0.36426345109939573
ann.dd 10,2761.957131152343,0.35839810967445423
ann.dd 10,2767.8258128906245,0.35253276824951174
ann.dd 10,2773.694494628907,0.34076837450265707
ann.dd 10,2779.563176367187,0.32900398075580595
ann.dd 10,2785.4318581054686,0.30612286999821486
ann.dd 10,2791.300539843749,0.2832417592406273
ann.dd 10,2797.1692215820312,0.26297425478696673
ann.dd 10,2803.0379033203126,0.24270675033330918
ann.dd 10,2808.906585058593,0.2249376535415677
ann.dd 10,2814.7752667968753,0.2071685567498207
ann.dd 10,2820.6439485351557,0.19171955734491464
ann.dd 10,2826.512630273437,0.17627055794000626
ann.dd 10,2832.3813120117193,0.16293067187070637
ann.dd 10,2838.2499937499997,0.14959078580141066
ann.dd 10,2844.118675488281,0.138135626912117
ann.dd 10,2849.9873572265624,0.12668046802282334
ann.dd 10,2855.8560389648437,0.11688805036246777
ann.dd 10,2861.724720703125,0.1070956327021122
ann.dd 10,2867.5934024414055,0.09875503368675838
ann.dd 10,2873.4620841796877,0.09041443467140198
ann.dd 10,2879.330765917968,0.08333171196281965
ann.dd 10,2885.1994476562495,0.07624898925423622
ann.dd 10,2891.0681293945318,0.07024865001439955
ann.dd 10,2896.936811132812,0.06424831077456475
ann.dd 10,2902.8054928710935,0.05917468685656786
ann.dd 10,2908.674174609375,0.054101062938570976
ann.dd 10,2914.542856347656,0.04981751078739762
ann.dd 10,2920.4115380859375,0.04553395863622427
ann.dd 10,2926.280219824218,0.041921983379871214
ann.dd 10,2932.1489015625,0.038310008123517036
ann.dd 10,2938.0175833007806,0.035267147514969344
ann.dd 10,2943.886265039062,0.032224286906421186
ann.dd 10,2949.7549467773442,0.029662753874435628
ann.dd 10,2955.6236285156247,0.027101220842450858
ann.dd 10,2961.492310253906,0.02494603767991066
ann.dd 10,2967.3609919921873,0.02279085451737046
ann.dd 10,2973.2296737304687,0.020978378737345336
ann.dd 10,2979.09835546875,0.019165902957320215
ann.dd 10,2984.9670372070304,0.017642043787054952
ann.dd 10,2990.8357189453127,0.01611818461678922
ann.dd 10,2996.704400683593,0.01483722368720929
ann.dd 10,3002.5730824218745,0.013556262757629157
ann.dd 10,3008.4417641601567,0.012479575164615942
ann.dd 10,3014.310445898437,0.01140288757160306
ann.dd 10,3020.1791276367185,0.011083622882142662
ann.dd 10,3026.047809375,0.010764358192682266
ann.dd 10,3031.916491113281,0.010764358192682266
ann.dd 10,3037.7851728515625,0.010764358192682266
ann.dd 10,3043.653854589843,0.010764358192682266
ann.dd 10,3049.522536328125,0.010764358192682266
ann.dd 10,3055.3912180664056,0.010764358192682266
ann.dd 10,3061.259899804687,0.010764358192682266
ann.dd 10,3067.128581542969,0.010764358192682266
ann.dd 10,3072.9972632812496,0.010764358192682266
ann.dd 10,3078.865945019531,0.010764358192682266
ann.dd 10,3084.7346267578123,0.010764358192682266
ann.dd 10,3090.6033084960936,0.010764358192682266
ann.dd 10,3096.471990234375,0.010764358192682266
ann.dd 10,3102.3406719726563,0.010764358192682266
ann.dd 10,3108.2093537109376,0.010764358192682266
ann.dd 10,3114.078035449218,0.010764358192682266
ann.dd 10,3119.9467171874994,0.010764358192682266
ann.dd 10,3125.8153989257817,0.010764358192682266
ann.dd 10,3131.684080664062,0.010764358192682266
ann.dd 10,3137.5527624023434,0.010764358192682266
ann.dd 10,3143.4214441406248,0.010764358192682266
ann.dd 10,3149.290125878906,0.010764358192682266
ann.dd 10,3155.1588076171874,0.010764358192682266
ann.dd 10,3161.027489355469,0.010764358192682266
ann.dd 10,3166.89617109375,0.010764358192682266
ann.dd 10,3172.7648528320306,0.010764358192682266
ann.dd 10,3178.633534570312,0.010764358192682266
ann.dd 10,3184.502216308594,0.010764358192682266
ann.dd 10,3190.3708980468746,0.010764358192682266
ann.dd 10,3196.239579785156,0.010764358192682266
ann.dd 10,3202.1082615234372,0.010764358192682266
ann.dd 10,3207.9769432617186,0.010764358192682266
ann.dd 10,3213.845625,0.010764358192682266
ann.dd 10,3219.7143067382813,0.010764358192682266
ann.dd 10,3225.5829884765626,0.010764358192682266
ann.dd 10,3231.451670214843,0.010764358192682266
ann.dd 10,3237.3203519531244,0.010764358192682266
ann.dd 10,3243.1890336914066,0.010764358192682266
ann.dd 10,3249.057715429687,0.010764358192682266
ann.dd 10,3254.9263971679684,0.010764358192682266
ann.dd 10,3260.7950789062497,0.010764358192682266
ann.dd 10,3266.663760644531,0.010764358192682266
ann.dd 10,3272.5324423828124,0.010764358192682266
ann.dd 10,3278.4011241210937,0.010764358192682266
ann.dd 10,3284.269805859375,0.010764358192682266
ann.dd 10,3290.1384875976555,0.010764358192682266
ann.dd 10,3296.0071693359378,0.010764358192682266
ann.dd 10,3301.875851074219,0.010764358192682266
ann.dd 10,3307.7445328124995,0.010764358192682266
ann.dd 10,3313.613214550781,0.010764358192682266
ann.dd 10,3319.481896289062,0.010764358192682266
ann.dd 10,3325.3505780273435,0.010764358192682266
ann.dd 10,3331.219259765625,0.010764358192682266
ann.dd 10,3337.087941503906,0.010764358192682266
ann.dd 10,3342.9566232421876,0.010764358192682266
ann.dd 10,3348.825304980468,0.010764358192682266
ann.dd 10,3354.6939867187502,0.010764358192682266
ann.dd 10,3360.5626684570316,0.010764358192682266
ann.dd 10,3366.431350195312,0.010764358192682266
ann.dd 10,3372.3000319335933,0.010764358192682266
ann.dd 10,3378.1687136718747,0.010764358192682266
ann.dd 10,3384.037395410156,0.010764358192682266
ann.dd 10,3389.9060771484374,0.010764358192682266
ann.dd 10,3395.7747588867187,0.010764358192682266
ann.dd 10,3401.643440625,0.010764358192682266
ann.dd 10,3407.5121223632805,0.010764358192682266
ann.dd 10,3413.3808041015627,0.010764358192682266
ann.dd 10,3419.249485839844,0.010764358192682266
ann.dd 10,3425.1181675781245,0.010764358192682266
ann.dd 10,3430.986849316406,0.010764358192682266
ann.dd 10,3436.855531054687,0.010764358192682266
ann.dd 10,3442.7242127929685,0.010764358192682266
ann.dd 10,3448.59289453125,0.010764358192682266
ann.dd 10,3454.461576269531,0.010764358192682266
ann.dd 10,3460.3302580078125,0.010764358192682266
ann.dd 10,3466.198939746093,0.010764358192682266
ann.dd 10,3472.067621484375,0.010764358192682266
ann.dd 10,3477.9363032226565,0.010764358192682266
ann.dd 10,3483.804984960937,0.010764358192682266
ann.dd 10,3489.6736666992183,0.010764358192682266
ann.dd 10,3495.5423484374996,0.010764358192682266
ann.dd 10,3501.411030175781,0.010764358192682266
ann.dd 10,3507.2797119140623,0.010764358192682266
