variable,x,y
ann.dd 10,-2361.4020263671873,0.24775068014860152
ann.dd 10,-2355.533344628906,0.24775068014860152
ann.dd 10,-2349.6646628906246,0.24775068014860152
ann.dd 10,-2343.7959811523438,0.24775068014860152
ann.dd 10,-2337.9272994140624,0.24775068014860152
ann.dd 10,-2332.058617675781,0.24775068014860152
ann.dd 10,-2326.1899359374997,0.24775068014860152
ann.dd 10,-2320.3212541992184,0.24775068014860152
ann.dd 10,-2314.4525724609375,0.24775068014860152
ann.dd 10,-2308.583890722656,0.24775068014860152
ann.dd 10,-2302.715208984375,0.24775068014860152
ann.dd 10,-2296.8465272460935,0.24775068014860152
ann.dd 10,-2290.977845507812,0.24775068014860152
ann.dd 10,-2285.1091637695313,0.24775068014860152
ann.dd 10,-2279.24048203125,0.24775068014860152
ann.dd 10,-2273.3718002929686,0.24775068014860152
ann.dd 10,-2267.5031185546873,0.24775068014860152
ann.dd 10,-2261.634436816406,0.24775068014860152
ann.dd 10,-2255.765755078125,0.24775068014860152
ann.dd 10,-2249.8970733398437,0.24775068014860152
ann.dd 10,-2244.0283916015624,0.24775068014860152
ann.dd 10,-2238.159709863281,0.24775068014860152
ann.dd 10,-2232.2910281249997,0.24775068014860152
ann.dd 10,-2226.4223463867183,0.24775068014860152
ann.dd 10,-2220.5536646484375,0.24775068014860152
ann.dd 10,-2214.684982910156,0.24775068014860152
ann.dd 10,-2208.816301171875,0.24775068014860152
ann.dd 10,-2202.9476194335934,0.24775068014860152
ann.dd 10,-2197.0789376953126,0.24775068014860152
ann.dd 10,-2191.210255957031,0.24775068014860152
ann.dd 10,-2185.34157421875,0.24775068014860152
ann.dd 10,-2179.4728924804685,0.24775068014860152
ann.dd 10,-2173.604210742187,0.24775068014860152
ann.dd 10,-2167.735529003906,0.24775068014860152
ann.dd 10,-2161.866847265625,0.24775068014860152
ann.dd 10,-2155.9981655273436,0.24775068014860152
ann.dd 10,-2150.1294837890623,0.24775068014860152
ann.dd 10,-2144.260802050781,0.24775068014860152
ann.dd 10,-2138.3921203124996,0.24775068014860152
ann.dd 10,-2132.5234385742187,0.24775068014860152
ann.dd 10,-2126.6547568359374,0.24775068014860152
ann.dd 10,-2120.786075097656,0.24775068014860152
ann.dd 10,-2114.9173933593747,0.24775068014860152
ann.dd 10,-2109.0487116210934,0.24775068014860152
ann.dd 10,-2103.1800298828125,0.24775068014860152
ann.dd 10,-2097.311348144531,0.24775068014860152
ann.dd 10,-2091.44266640625,0.24775068014860152
ann.dd 10,-2085.5739846679685,0.24775068014860152
ann.dd 10,-2079.7053029296876,0.24775068014860152
ann.dd 10,-2073.8366211914063,0.24775068014860152
ann.dd 10,-2067.967939453125,0.24775068014860152
ann.dd 10,-2062.0992577148436,0.24775068014860152
ann.dd 10,-2056.2305759765622,0.24775068014860152
ann.dd 10,-2050.361894238281,0.24775068014860152
ann.dd 10,-2044.4932124999998,0.24775068014860152
ann.dd 10,-2038.6245307617187,0.24775068014860152
ann.dd 10,-2032.7558490234373,0.24775068014860152
ann.dd 10,-2026.887167285156,0.24775068014860152
ann.dd 10,-2021.018485546875,0.24775068014860152
ann.dd 10,-2015.1498038085936,0.24775068014860152
ann.dd 10,-2009.2811220703124,0.24775068014860152
ann.dd 10,-2003.412440332031,0.24775068014860152
ann.dd 10,-1997.5437585937498,0.24775068014860152
ann.dd 10,-1991.6750768554687,0.24775068014860152
ann.dd 10,-1985.8063951171873,0.24775068014860152
ann.dd 10,-1979.9377133789062,0.24775068014860152
ann.dd 10,-1974.0690316406249,0.24775068014860152
ann.dd 10,-1968.2003499023435,0.24775068014860152
ann.dd 10,-1962.3316681640624,0.24775068014860152
ann.dd 10,-1956.462986425781,0.24775068014860152
ann.dd 10,-1950.5943046874997,0.24775068014860152
ann.dd 10,-1944.7256229492186,0.24775068014860152
ann.dd 10,-1938.8569412109373,0.24775068014860152
ann.dd 10,-1932.9882594726562,0.24775068014860152
ann.dd 10,-1927.1195777343748,0.24775068014860152
ann.dd 10,-1921.2508959960935,0.24775068014860152
ann.dd 10,-1915.3822142578124,0.24775068014860152
ann.dd 10,-1909.513532519531,0.24775068014860152
ann.dd 10,-1903.64485078125,0.24775068014860152
ann.dd 10,-1897.7761690429686,0.24775068014860152
ann.dd 10,-1891.9074873046873,0.24775068014860152
ann.dd 10,-1886.0388055664062,0.24775068014860152
ann.dd 10,-1880.1701238281248,0.24775068014860152
ann.dd 10,-1874.3014420898435,0.2481667086482048
ann.dd 10,-1868.4327603515624,0.24858273714780807
ann.dd 10,-1862.5640786132813,0.2498376414179802
ann.dd 10,-1856.695396875,0.2510925456881523
ann.dd 10,-1850.8267151367186,0.2523577488958836
ann.dd 10,-1844.9580333984372,0.2536229521036148
ann.dd 10,-1839.0893516601561,0.25489845126867294
ann.dd 10,-1833.2206699218748,0.2561739504337311
ann.dd 10,-1827.3519881835937,0.2574598029255867
ann.dd 10,-1821.4833064453123,0.2587456554174423
ann.dd 10,-1815.614624707031,0.2600418567657471
ann.dd 10,-1809.74594296875,0.2613380581140518
ann.dd 10,-1803.8772612304685,0.2626446597278118
ann.dd 10,-1798.0085794921874,0.2639512613415718
ann.dd 10,-1792.139897753906,0.26526825577020646
ann.dd 10,-1786.2712160156248,0.2665852501988411
ann.dd 10,-1780.4025342773436,0.26791269034147264
ann.dd 10,-1774.5338525390623,0.26924013048410417
ann.dd 10,-1768.6651708007812,0.2705780051648617
ann.dd 10,-1762.7964890624999,0.2719158798456192
ann.dd 10,-1756.9278073242185,0.2732642345130444
ann.dd 10,-1751.0591255859372,0.2746125891804695
ann.dd 10,-1745.190443847656,0.2759714126586914
ann.dd 10,-1739.321762109375,0.2773302361369133
ann.dd 10,-1733.4530803710936,0.2786995731294155
ann.dd 10,-1727.5843986328123,0.2800689101219177
ann.dd 10,-1721.715716894531,0.2814487397670746
ann.dd 10,-1715.8470351562498,0.28282856941223145
ann.dd 10,-1709.9783534179687,0.28421893417835237
ann.dd 10,-1704.1096716796874,0.2856092989444733
ann.dd 10,-1698.240989941406,0.2870101802051067
ann.dd 10,-1692.3723082031247,0.2884110614657402
ann.dd 10,-1686.5036264648436,0.28982249423861506
ann.dd 10,-1680.6349447265625,0.29123392701148987
ann.dd 10,-1674.7662629882811,0.29265588745474813
ann.dd 10,-1668.8975812499998,0.29407784789800645
ann.dd 10,-1663.0288995117185,0.2955103524029255
ann.dd 10,-1657.1602177734374,0.29694285690784455
ann.dd 10,-1651.2915360351562,0.2983859233558178
ann.dd 10,-1645.422854296875,0.299828989803791
ann.dd 10,-1639.5541725585936,0.3012825928628445
ann.dd 10,-1633.6854908203122,0.3027361959218979
ann.dd 10,-1627.816809082031,0.3041799657046795
ann.dd 10,-1621.94812734375,0.3056237354874611
ann.dd 10,-1616.0794456054687,0.30699021816253663
ann.dd 10,-1610.2107638671873,0.30835670083761213
ann.dd 10,-1604.342082128906,0.30973069444298745
ann.dd 10,-1598.4734003906249,0.3111046880483627
ann.dd 10,-1592.6047186523438,0.31248775124549866
ann.dd 10,-1586.7360369140624,0.3138708144426346
ann.dd 10,-1580.867355175781,0.31526296138763427
ann.dd 10,-1574.9986734374997,0.316655108332634
ann.dd 10,-1569.1299916992184,0.3180562980473042
ann.dd 10,-1563.2613099609375,0.31945748776197436
ann.dd 10,-1557.3926282226562,0.3208677425980568
ann.dd 10,-1551.5239464843748,0.32227799743413926
ann.dd 10,-1545.6552647460935,0.32369727119803426
ann.dd 10,-1539.7865830078122,0.3251165449619293
ann.dd 10,-1533.9179012695313,0.3265448465943336
ann.dd 10,-1528.04921953125,0.32797314822673795
ann.dd 10,-1522.1805377929686,0.3294104292988777
ann.dd 10,-1516.3118560546873,0.33084771037101746
ann.dd 10,-1510.443174316406,0.33229399174451835
ann.dd 10,-1504.574492578125,0.3337402731180191
ann.dd 10,-1498.7058108398437,0.3351954832673073
ann.dd 10,-1492.8371291015624,0.3366506934165955
ann.dd 10,-1486.968447363281,0.3381148561835289
ann.dd 10,-1481.0997656249997,0.33957901895046233
ann.dd 10,-1475.2310838867188,0.34105205982923503
ann.dd 10,-1469.3624021484375,0.3425251007080078
ann.dd 10,-1463.4937204101561,0.3440070375800133
ann.dd 10,-1457.6250386718748,0.34548897445201876
ann.dd 10,-1451.7563569335935,0.34697973728179937
ann.dd 10,-1445.8876751953126,0.3484705001115799
ann.dd 10,-1440.0189934570312,0.34997008591890333
ann.dd 10,-1434.15031171875,0.3514696717262268
ann.dd 10,-1428.2816299804686,0.35297801792621614
ann.dd 10,-1422.4129482421872,0.35448636412620543
ann.dd 10,-1416.5442665039063,0.3560034617781639
ann.dd 10,-1410.675584765625,0.3575205594301224
ann.dd 10,-1404.8069030273437,0.35904634147882464
ann.dd 10,-1398.9382212890623,0.3605721235275269
ann.dd 10,-1393.0695395507812,0.3621065765619278
ann.dd 10,-1387.2008578124999,0.3636410295963287
ann.dd 10,-1381.3321760742188,0.36518407613039017
ann.dd 10,-1375.4634943359374,0.3667271226644516
ann.dd 10,-1369.594812597656,0.3682787537574768
ann.dd 10,-1363.726130859375,0.369830384850502
ann.dd 10,-1357.8574491210936,0.37139051258563993
ann.dd 10,-1351.9887673828125,0.3729506403207779
ann.dd 10,-1346.1200856445312,0.3745192289352417
ann.dd 10,-1340.2514039062498,0.3760878175497055
ann.dd 10,-1334.3827221679687,0.3776648357510567
ann.dd 10,-1328.5140404296874,0.37924185395240784
ann.dd 10,-1322.645358691406,0.3808272108435631
ann.dd 10,-1316.776676953125,0.3824125677347183
ann.dd 10,-1310.9079952148436,0.38400623202323914
ann.dd 10,-1305.0393134765623,0.38559989631175995
ann.dd 10,-1299.1706317382811,0.38720177859067917
ann.dd 10,-1293.3019499999998,0.3888036608695984
ann.dd 10,-1287.4332682617187,0.3904137283563614
ann.dd 10,-1281.5645865234374,0.3920237958431244
ann.dd 10,-1275.695904785156,0.3936419516801834
ann.dd 10,-1269.827223046875,0.39526010751724244
ann.dd 10,-1263.9585413085936,0.3968863070011139
ann.dd 10,-1258.0898595703125,0.3985125064849854
ann.dd 10,-1252.2211778320311,0.4001466527581215
ann.dd 10,-1246.3524960937498,0.40178079903125763
ann.dd 10,-1240.4838143554687,0.403422848880291
ann.dd 10,-1234.6151326171876,0.40506489872932433
ann.dd 10,-1228.7464508789062,0.40671474039554595
ann.dd 10,-1222.8777691406249,0.40836458206176757
ann.dd 10,-1217.0090874023435,0.4100221648812294
ann.dd 10,-1211.1404056640624,0.4116797477006912
ann.dd 10,-1205.2717239257813,0.4133449628949165
ann.dd 10,-1199.4030421875,0.41501017808914187
ann.dd 10,-1193.5343604492186,0.41668296456336973
ann.dd 10,-1187.6656787109373,0.41835575103759765
ann.dd 10,-1181.7969969726562,0.4200359895825386
ann.dd 10,-1175.928315234375,0.42171622812747955
ann.dd 10,-1170.0596334960935,0.4234038665890695
ann.dd 10,-1164.1909517578124,0.4250915050506592
ann.dd 10,-1158.322270019531,0.426786407828331
ann.dd 10,-1152.45358828125,0.4284813106060028
ann.dd 10,-1146.5849065429688,0.4301821380853652
ann.dd 10,-1140.7162248046873,0.43188296556472777
ann.dd 10,-1134.8475430664062,0.4335631623864174
ann.dd 10,-1128.9788613281248,0.435243359208107
ann.dd 10,-1123.1101795898437,0.4369291618466377
ann.dd 10,-1117.2414978515626,0.43861496448516846
ann.dd 10,-1111.372816113281,0.44030733704566966
ann.dd 10,-1105.504134375,0.44199970960617063
ann.dd 10,-1099.6354526367186,0.4436985805630684
ann.dd 10,-1093.7667708984375,0.4453974515199661
ann.dd 10,-1087.8980891601564,0.44710268527269353
ann.dd 10,-1082.0294074218748,0.44880791902542116
ann.dd 10,-1076.1607256835937,0.450519435107708
ann.dd 10,-1070.2920439453123,0.4522309511899948
ann.dd 10,-1064.4233622070312,0.4539486050605774
ann.dd 10,-1058.55468046875,0.45566625893116
ann.dd 10,-1052.6859987304686,0.4573899686336517
ann.dd 10,-1046.8173169921874,0.45911367833614347
ann.dd 10,-1040.948635253906,0.4608432948589325
ann.dd 10,-1035.079953515625,0.4625729113817215
ann.dd 10,-1029.2112717773437,0.4643083348870277
ann.dd 10,-1023.3425900390623,0.466043758392334
ann.dd 10,-1017.4739083007812,0.46778485774993894
ann.dd 10,-1011.6052265624999,0.46952595710754397
ann.dd 10,-1005.7365448242188,0.47127260714769365
ann.dd 10,-999.8678630859374,0.4730192571878433
ann.dd 10,-993.9991813476561,0.4747713297605515
ann.dd 10,-988.130499609375,0.47652340233325957
ann.dd 10,-982.2618178710936,0.4782807543873787
ann.dd 10,-976.3931361328125,0.4800381064414978
ann.dd 10,-970.5244543945312,0.4818006157875061
ann.dd 10,-964.6557726562498,0.4835631251335144
ann.dd 10,-958.7870909179687,0.4853306472301483
ann.dd 10,-952.9184091796874,0.48709816932678224
ann.dd 10,-947.049727441406,0.48887056559324266
ann.dd 10,-941.1810457031249,0.4906429618597031
ann.dd 10,-935.3123639648436,0.4924200907349586
ann.dd 10,-929.4436822265625,0.49419721961021423
ann.dd 10,-923.5750004882811,0.4958851233124733
ann.dd 10,-917.7063187499998,0.4975730270147324
ann.dd 10,-911.8376370117187,0.4992303937673569
ann.dd 10,-905.9689552734374,0.5008877605199814
ann.dd 10,-900.1002735351562,0.5025487214326858
ann.dd 10,-894.2315917968749,0.5042096823453903
ann.dd 10,-888.3629100585936,0.5058741018176078
ann.dd 10,-882.4942283203125,0.5075385212898255
ann.dd 10,-876.6255465820311,0.5091029703617096
ann.dd 10,-870.75686484375,0.5106674194335937
ann.dd 10,-864.8881831054687,0.5120797291398048
ann.dd 10,-859.0195013671873,0.5134920388460159
ann.dd 10,-853.1508196289062,0.5149060055613518
ann.dd 10,-847.2821378906249,0.5163199722766876
ann.dd 10,-841.4134561523438,0.5177355274558068
ann.dd 10,-835.5447744140624,0.5191510826349258
ann.dd 10,-829.6760926757811,0.52056814879179
ann.dd 10,-823.8074109375,0.5219852149486541
ann.dd 10,-817.9387291992186,0.5234037175774574
ann.dd 10,-812.0700474609375,0.5248222202062607
ann.dd 10,-806.201365722656,0.5262420922517776
ann.dd 10,-800.3326839843749,0.5276619642972946
ann.dd 10,-794.4640022460937,0.5290831387042999
ann.dd 10,-788.5953205078124,0.5305043131113052
ann.dd 10,-782.7266387695313,0.5319267094135285
ann.dd 10,-776.8579570312497,0.5333491057157517
ann.dd 10,-770.9892752929686,0.5347726568579674
ann.dd 10,-765.1205935546875,0.5361962080001831
ann.dd 10,-759.2519118164062,0.5376208364963532
ann.dd 10,-753.383230078125,0.5390454649925231
ann.dd 10,-747.5145483398435,0.5404710978269577
ann.dd 10,-741.6458666015624,0.5418967306613922
ann.dd 10,-735.7771848632813,0.5433233007788658
ann.dd 10,-729.9085031249999,0.5447498708963394
ann.dd 10,-724.0398213867188,0.5461772903800011
ann.dd 10,-718.1711396484372,0.5476047098636627
ann.dd 10,-712.3024579101561,0.5490329146385193
ann.dd 10,-706.433776171875,0.5504611194133758
ann.dd 10,-700.5650944335937,0.5518900275230407
ann.dd 10,-694.6964126953123,0.5533189356327057
ann.dd 10,-688.827730957031,0.5547484785318375
ann.dd 10,-682.9590492187499,0.5561780214309693
ann.dd 10,-677.0903674804688,0.557608112692833
ann.dd 10,-671.2216857421874,0.5590382039546966
ann.dd 10,-665.3530040039061,0.5604687690734863
ann.dd 10,-659.4843222656248,0.561899334192276
ann.dd 10,-653.6156405273437,0.5633303016424179
ann.dd 10,-647.7469587890625,0.5647612690925599
ann.dd 10,-641.8782770507812,0.566192552447319
ann.dd 10,-636.0095953124999,0.5676238358020782
ann.dd 10,-630.1409135742185,0.5690553724765778
ann.dd 10,-624.2722318359374,0.5704869091510772
ann.dd 10,-618.4035500976563,0.5719186037778854
ann.dd 10,-612.534868359375,0.5733502984046936
ann.dd 10,-606.6661866210936,0.5747820734977722
ann.dd 10,-600.7975048828123,0.5762138485908508
ann.dd 10,-594.9288231445312,0.5776456385850907
ann.dd 10,-589.0601414062501,0.5790774285793304
ann.dd 10,-583.1914596679685,0.580509141087532
ann.dd 10,-577.3227779296874,0.5819408535957337
ann.dd 10,-571.454096191406,0.5833724051713943
ann.dd 10,-565.5854144531249,0.5848039567470551
ann.dd 10,-559.7167327148438,0.5862352818250656
ann.dd 10,-553.8480509765623,0.5876666069030761
ann.dd 10,-547.9793692382812,0.5890976130962372
ann.dd 10,-542.1106874999998,0.5905286192893981
ann.dd 10,-536.2420057617187,0.5919592350721359
ann.dd 10,-530.3733240234376,0.5933898508548736
ann.dd 10,-524.504642285156,0.5948199838399887
ann.dd 10,-518.6359605468749,0.5962501168251038
ann.dd 10,-512.7672788085936,0.5976796954870224
ann.dd 10,-506.89859707031246,0.599109274148941
ann.dd 10,-501.02991533203135,0.6005382120609284
ann.dd 10,-495.1612335937498,0.6019671499729157
ann.dd 10,-489.2925518554687,0.6033953636884689
ann.dd 10,-483.42387011718733,0.6048235774040223
ann.dd 10,-477.5551883789062,0.6062509894371033
ann.dd 10,-471.6865066406251,0.6076784014701844
ann.dd 10,-465.81782490234355,0.6091049164533615
ann.dd 10,-459.94914316406243,0.6105314314365387
ann.dd 10,-454.0804614257813,0.6119569897651672
ann.dd 10,-448.2117796875,0.6133825480937958
ann.dd 10,-442.34309794921865,0.6148070454597473
ann.dd 10,-436.4744162109373,0.6162315428256988
ann.dd 10,-430.6057344726562,0.6176549077033997
ann.dd 10,-424.7370527343751,0.6190782725811005
ann.dd 10,-418.86837099609374,0.6205004155635834
ann.dd 10,-412.9996892578124,0.6219225585460663
ann.dd 10,-407.13100751953107,0.6233434021472931
ann.dd 10,-401.26232578124996,0.6247642457485199
ann.dd 10,-395.39364404296884,0.6261836975812912
ann.dd 10,-389.5249623046875,0.6276031494140625
ann.dd 10,-383.65628056640617,0.6290211319923401
ann.dd 10,-377.7875988281248,0.6304391145706176
ann.dd 10,-371.9189170898437,0.6318555444478988
ann.dd 10,-366.0502353515626,0.63327197432518
ann.dd 10,-360.18155361328127,0.6346867680549622
ann.dd 10,-354.3128718749999,0.6361015617847443
ann.dd 10,-348.4441901367186,0.6375146239995957
ann.dd 10,-342.5755083984375,0.6389276862144471
ann.dd 10,-336.70682666015637,0.640338945388794
ann.dd 10,-330.8381449218748,0.6417502045631409
ann.dd 10,-324.9694631835937,0.6431595653295517
ann.dd 10,-319.10078144531235,0.6445689260959625
ann.dd 10,-313.232099707031,0.6459763139486313
ann.dd 10,-307.3634179687501,0.6473837018013
ann.dd 10,-301.4947362304688,0.6487890273332596
ann.dd 10,-295.62605449218745,0.6501943528652191
ann.dd 10,-289.7573727539061,0.6515975385904312
ann.dd 10,-283.8886910156248,0.6530007243156433
ann.dd 10,-278.0200092773439,0.6544016689062119
ann.dd 10,-272.15132753906255,0.6558026134967804
ann.dd 10,-266.2826458007812,0.6572012513875961
ann.dd 10,-260.4139640624999,0.6585998892784118
ann.dd 10,-254.54528232421853,0.6599961191415786
ann.dd 10,-248.6766005859372,0.6613923490047455
ann.dd 10,-242.8079188476563,0.6627860993146897
ann.dd 10,-236.93923710937497,0.6641798496246338
ann.dd 10,-231.07055537109363,0.6655710250139236
ann.dd 10,-225.2018736328123,0.6669622004032135
ann.dd 10,-219.33319189453096,0.6683507293462754
ann.dd 10,-213.46451015625007,0.6697392582893371
ann.dd 10,-207.59582841796873,0.6711250454187393
ann.dd 10,-201.7271466796874,0.6725108325481415
ann.dd 10,-195.85846494140606,0.6738937944173813
ann.dd 10,-189.98978320312472,0.6752767562866211
ann.dd 10,-184.12110146484383,0.6766568034887314
ann.dd 10,-178.2524197265625,0.6780368506908416
ann.dd 10,-172.38373798828115,0.6794139206409454
ann.dd 10,-166.51505624999982,0.6807909905910492
ann.dd 10,-160.64637451171848,0.6821649819612503
ann.dd 10,-154.7776927734376,0.6835389733314514
ann.dd 10,-148.90901103515625,0.6849097967147827
ann.dd 10,-143.04032929687492,0.686280620098114
ann.dd 10,-137.17164755859358,0.6876482009887696
ann.dd 10,-131.30296582031224,0.689015781879425
ann.dd 10,-125.43428408203135,0.6903800368309021
ann.dd 10,-119.56560234375002,0.6917442917823792
ann.dd 10,-113.69692060546868,0.693105137348175
ann.dd 10,-107.82823886718779,0.694465982913971
ann.dd 10,-101.959557128906,0.6958233326673509
ann.dd 10,-96.09087539062511,0.6971806824207306
ann.dd 10,-90.22219365234378,0.6985344439744949
ann.dd 10,-84.35351191406244,0.6998882055282593
ann.dd 10,-78.48483017578155,0.7012383192777633
ann.dd 10,-72.61614843749976,0.7025884330272675
ann.dd 10,-66.74746669921888,0.7039347976446152
ann.dd 10,-60.87878496093754,0.7052811622619629
ann.dd 10,-55.0101032226562,0.7066237062215805
ann.dd 10,-49.141421484375314,0.7079662501811981
ann.dd 10,-43.27273974609352,0.7093048840761186
ann.dd 10,-37.40405800781264,0.7106435179710389
ann.dd 10,-31.535376269531298,0.7119781523942947
ann.dd 10,-25.66669453124996,0.7133127868175506
ann.dd 10,-19.798012792969075,0.714643359184265
ann.dd 10,-13.929331054687282,0.7159739315509797
ann.dd 10,-8.060649316405943,0.717300346493721
ann.dd 10,-2.191967578125059,0.7186267614364624
ann.dd 10,3.67671416015628,0.7199480473995209
ann.dd 10,9.545395898437164,0.7212693333625794
ann.dd 10,15.414077636718957,0.7225777834653855
ann.dd 10,21.282759375000296,0.7238862335681915
ann.dd 10,27.15144111328118,0.7251903355121613
ann.dd 10,33.02012285156252,0.726494437456131
ann.dd 10,38.8888045898434,0.7277941077947616
ann.dd 10,44.7574863281252,0.7290937781333924
ann.dd 10,50.626168066406535,0.7303889364004135
ann.dd 10,56.49484980468742,0.7316840946674347
ann.dd 10,62.36353154296876,0.7329746603965759
ann.dd 10,68.23221328124964,0.7342652261257172
ann.dd 10,74.10089501953144,0.7355511337518692
ann.dd 10,79.96957675781277,0.7368370413780212
ann.dd 10,85.83825849609366,0.7381182074546814
ann.dd 10,91.706940234375,0.7393993735313416
ann.dd 10,97.57562197265588,0.7406757116317748
ann.dd 10,103.44430371093767,0.7419520497322083
ann.dd 10,109.31298544921901,0.74322350025177
ann.dd 10,115.1816671874999,0.7444949507713318
ann.dd 10,121.05034892578124,0.7457614243030548
ann.dd 10,126.91903066406212,0.7470278978347779
ann.dd 10,132.7877124023439,0.7482893288135528
ann.dd 10,138.65639414062525,0.7495507597923279
ann.dd 10,144.52507587890614,0.7508070707321167
ann.dd 10,150.39375761718748,0.7520633816719056
ann.dd 10,156.26243935546836,0.7533145040273665
ann.dd 10,162.13112109375015,0.7545656263828278
ann.dd 10,167.9998028320315,0.7558114707469941
ann.dd 10,173.86848457031238,0.7570573151111603
ann.dd 10,179.73716630859371,0.7582708686590195
ann.dd 10,185.6058480468746,0.7594844222068786
ann.dd 10,191.4745297851564,0.7606689393520355
ann.dd 10,197.34321152343773,0.7618534564971924
ann.dd 10,203.21189326171861,0.7629996955394744
ann.dd 10,209.08057499999995,0.7641459345817566
ann.dd 10,214.94925673828084,0.7652737498283385
ann.dd 10,220.81793847656263,0.7664015650749206
ann.dd 10,226.68662021484397,0.767495334148407
ann.dd 10,232.55530195312485,0.7685891032218933
ann.dd 10,238.4239836914062,0.7696225732564926
ann.dd 10,244.29266542968753,0.7706560432910919
ann.dd 10,250.16134716796887,0.7716847598552704
ann.dd 10,256.0300289062502,0.7727134764194489
ann.dd 10,261.8987106445311,0.7737316966056824
ann.dd 10,267.76739238281243,0.7747499167919158
ann.dd 10,273.63607412109377,0.775761952996254
ann.dd 10,279.5047558593751,0.776773989200592
ann.dd 10,285.37343759765645,0.7777711063623428
ann.dd 10,291.24211933593733,0.7787682235240936
ann.dd 10,297.11080107421867,0.7795242458581925
ann.dd 10,302.9794828125,0.7802802681922912
ann.dd 10,308.84816455078135,0.7804071694612503
ann.dd 10,314.7168462890627,0.7805340707302093
ann.dd 10,320.58552802734357,0.7805366426706314
ann.dd 10,326.4542097656249,0.7805392146110535
ann.dd 10,332.32289150390625,0.7805116206407547
ann.dd 10,338.1915732421876,0.7804840266704559
ann.dd 10,344.0602549804689,0.7804119974374771
ann.dd 10,349.9289367187498,0.7803399682044982
ann.dd 10,355.79761845703115,0.7801833570003509
ann.dd 10,361.6663001953125,0.7800267457962036
ann.dd 10,367.5349819335938,0.7796699494123459
ann.dd 10,373.40366367187517,0.7793131530284881
ann.dd 10,379.27234541015605,0.7784114003181457
ann.dd 10,385.1410271484374,0.7775096476078034
ann.dd 10,391.0097088867187,0.7762842178344727
ann.dd 10,396.87839062500007,0.7750587880611419
ann.dd 10,402.7470723632814,0.7735202074050903
ann.dd 10,408.6157541015623,0.7719816267490387
ann.dd 10,414.4844358398436,0.7702742278575897
ann.dd 10,420.35311757812497,0.7685668289661407
ann.dd 10,426.2217993164063,0.7668485611677169
ann.dd 10,432.09048105468764,0.7651302933692932
ann.dd 10,437.9591627929685,0.7634025245904923
ann.dd 10,443.82784453124987,0.7616747558116913
ann.dd 10,449.6965262695312,0.7599377036094666
ann.dd 10,455.56520800781254,0.7582006514072418
ann.dd 10,461.4338897460939,0.7564545035362243
ann.dd 10,467.3025714843752,0.7547083556652069
ann.dd 10,473.1712532226561,0.7529533386230469
ann.dd 10,479.03993496093744,0.7511983215808868
ann.dd 10,484.9086166992188,0.7494346320629119
ann.dd 10,490.7772984375001,0.7476709425449372
ann.dd 10,496.64598017578146,0.7458838552236556
ann.dd 10,502.51466191406234,0.7440967679023742
ann.dd 10,508.3833436523437,0.7423010438680648
ann.dd 10,514.252025390625,0.7405053198337554
ann.dd 10,520.1207071289064,0.7387014210224152
ann.dd 10,525.9893888671877,0.7368975222110749
ann.dd 10,531.8580706054686,0.7350856661796571
ann.dd 10,537.7267523437499,0.7332738101482391
ann.dd 10,543.5954340820313,0.7314542263746262
ann.dd 10,549.4641158203126,0.7296346426010132
ann.dd 10,555.3327975585939,0.7278075426816939
ann.dd 10,561.2014792968748,0.7259804427623748
ann.dd 10,567.0701610351562,0.7241460680961609
ann.dd 10,572.9388427734375,0.7223116934299469
ann.dd 10,578.8075245117188,0.720470255613327
ann.dd 10,584.6762062500002,0.7186288177967072
ann.dd 10,590.5448879882811,0.7167805492877961
ann.dd 10,596.4135697265624,0.7149322807788849
ann.dd 10,602.2822514648437,0.7130774080753326
ann.dd 10,608.1509332031251,0.7112225353717804
ann.dd 10,614.0196149414064,0.7093612819910049
ann.dd 10,619.8882966796873,0.7075000286102295
ann.dd 10,625.7569784179686,0.7056326359510422
ann.dd 10,631.62566015625,0.7037652432918549
ann.dd 10,637.4943418945313,0.7018919259309768
ann.dd 10,643.3630236328127,0.7000186085700989
ann.dd 10,649.2317053710935,0.6981396049261094
ann.dd 10,655.1003871093749,0.6962606012821198
ann.dd 10,660.9690688476562,0.6943761378526687
ann.dd 10,666.8377505859376,0.6924916744232178
ann.dd 10,672.7064323242189,0.6906019777059554
ann.dd 10,678.5751140624998,0.6887122809886932
ann.dd 10,684.4437958007811,0.6868175834417343
ann.dd 10,690.3124775390625,0.6849228858947753
ann.dd 10,696.1811592773438,0.6830234110355378
ann.dd 10,702.0498410156251,0.6811239361763001
ann.dd 10,707.918522753906,0.6792199254035951
ann.dd 10,713.7872044921874,0.6773159146308899
ann.dd 10,719.6558862304692,0.6754075855016708
ann.dd 10,725.52456796875,0.6734992563724518
ann.dd 10,731.3932497070314,0.6715868532657623
ann.dd 10,737.2619314453123,0.6696744501590729
ann.dd 10,743.1306131835936,0.6677581757307054
ann.dd 10,748.9992949218754,0.6658419013023377
ann.dd 10,754.8679766601563,0.6639220088720322
ann.dd 10,760.7366583984376,0.6620021164417267
ann.dd 10,766.6053401367185,0.6600788056850434
ann.dd 10,772.4740218749998,0.65815549492836
ann.dd 10,778.3427036132816,0.656229019165039
ann.dd 10,784.2113853515625,0.6543025434017181
ann.dd 10,790.0800670898439,0.6523731172084808
ann.dd 10,795.9487488281247,0.6504436910152436
ann.dd 10,801.8174305664061,0.6485115379095079
ann.dd 10,807.6861123046879,0.646579384803772
ann.dd 10,813.5547940429688,0.6446447372436525
ann.dd 10,819.4234757812501,0.6427100896835327
ann.dd 10,825.292157519531,0.6407731622457505
ann.dd 10,831.1608392578123,0.6388362348079681
ann.dd 10,837.0295209960941,0.6368972450494765
ann.dd 10,842.898202734375,0.6349582552909852
ann.dd 10,848.7668844726563,0.6330174446105956
ann.dd 10,854.6355662109372,0.6310766339302063
ann.dd 10,860.5042479492186,0.6291342020034791
ann.dd 10,866.3729296875003,0.6271917700767518
ann.dd 10,872.2416114257812,0.6252479434013367
ann.dd 10,878.1102931640626,0.6233041167259217
ann.dd 10,883.9789749023435,0.6213591128587723
ann.dd 10,889.8476566406248,0.619414108991623
ann.dd 10,895.7163383789066,0.6174681454896926
ann.dd 10,901.5850201171875,0.6155221819877624
ann.dd 10,907.4537018554688,0.6135754704475402
ann.dd 10,913.3223835937497,0.6116287589073182
ann.dd 10,919.191065332031,0.6096815198659897
ann.dd 10,925.0597470703128,0.6077342808246613
ann.dd 10,930.9284288085937,0.6057867109775544
ann.dd 10,936.797110546875,0.6038391411304473
ann.dd 10,942.6657922851559,0.6018914669752122
ann.dd 10,948.5344740234373,0.5999437928199768
ann.dd 10,954.4031557617191,0.5979962170124054
ann.dd 10,960.2718375,0.596048641204834
ann.dd 10,966.1405192382813,0.5941013634204865
ann.dd 10,972.0092009765626,0.5921540856361389
ann.dd 10,977.8778827148435,0.5902073204517365
ann.dd 10,983.7465644531253,0.588260555267334
ann.dd 10,989.6152461914062,0.5863144963979722
ann.dd 10,995.4839279296875,0.5843684375286102
ann.dd 10,1001.3526096679689,0.5824232935905456
ann.dd 10,1007.2212914062497,0.5804781496524811
ann.dd 10,1013.0899731445315,0.5785341262817382
ann.dd 10,1018.9586548828124,0.5765901029109954
ann.dd 10,1024.8273366210938,0.5746473848819733
ann.dd 10,1030.696018359375,0.5727046668529511
ann.dd 10,1036.564700097656,0.5707634568214417
ann.dd 10,1042.4333818359378,0.5688222467899322
ann.dd 10,1048.3020635742187,0.5668827235698701
ann.dd 10,1054.1707453125,0.5649432003498077
ann.dd 10,1060.0394270507813,0.5630055874586104
ann.dd 10,1065.9081087890622,0.5610679745674133
ann.dd 10,1071.776790527344,0.559132421016693
ann.dd 10,1077.645472265625,0.5571968674659729
ann.dd 10,1083.5141540039062,0.5552636027336121
ann.dd 10,1089.3828357421876,0.5533303380012512
ann.dd 10,1095.2515174804685,0.551399502158165
ann.dd 10,1101.1201992187503,0.5494686663150787
ann.dd 10,1106.9888809570311,0.5475404918193818
ann.dd 10,1112.8575626953125,0.5456123173236846
ann.dd 10,1118.7262444335938,0.543686932325363
ann.dd 10,1124.5949261718747,0.5417615473270416
ann.dd 10,1130.4636079101565,0.5398391783237456
ann.dd 10,1136.3322896484374,0.5379168093204498
ann.dd 10,1142.2009713867187,0.5359975904226303
ann.dd 10,1148.069653125,0.5340783715248107
ann.dd 10,1153.938334863281,0.5321625113487245
ann.dd 10,1159.8070166015627,0.5302466511726379
ann.dd 10,1165.6756983398436,0.5283342957496644
ann.dd 10,1171.544380078125,0.5264219403266907
ann.dd 10,1177.4130618164063,0.5245132863521575
ann.dd 10,1183.2817435546872,0.5226046323776246
ann.dd 10,1189.150425292969,0.5206998020410537
ann.dd 10,1195.0191070312503,0.5187949717044831
ann.dd 10,1200.8877887695312,0.516894181072712
ann.dd 10,1206.7564705078125,0.5149933904409408
ann.dd 10,1212.6251522460934,0.5130967736244203
ann.dd 10,1218.4938339843752,0.5112001568078994
ann.dd 10,1224.3625157226566,0.5093078523874282
ann.dd 10,1230.2311974609374,0.5074155479669571
ann.dd 10,1236.0998791992188,0.5055277630686759
ann.dd 10,1241.9685609374997,0.5036399781703949
ann.dd 10,1247.8372426757815,0.5017568126320838
ann.dd 10,1253.7059244140628,0.4998736470937729
ann.dd 10,1259.5746061523437,0.49799530059099206
ann.dd 10,1265.443287890625,0.49611695408821105
ann.dd 10,1271.311969628906,0.4942435383796693
ann.dd 10,1277.1806513671877,0.49237012267112734
ann.dd 10,1283.049333105469,0.49050181806087484
ann.dd 10,1288.91801484375,0.48863351345062256
ann.dd 10,1294.7866965820313,0.48677042573690404
ann.dd 10,1300.6553783203121,0.48490733802318575
ann.dd 10,1306.524060058594,0.4830496519804
ann.dd 10,1312.3927417968753,0.48119196593761443
ann.dd 10,1318.2614235351562,0.4793397769331933
ann.dd 10,1324.1301052734375,0.477487587928772
ann.dd 10,1329.9987870117184,0.4756410777568818
ann.dd 10,1335.8674687500002,0.47379456758499144
ann.dd 10,1341.7361504882815,0.4719538211822509
ann.dd 10,1347.6048322265624,0.4701130747795105
ann.dd 10,1353.4735139648437,0.4682977974414825
ann.dd 10,1359.3421957031246,0.4664825201034546
ann.dd 10,1365.2108774414064,0.4647742524743079
ann.dd 10,1371.0795591796877,0.4630659848451614
ann.dd 10,1376.9482409179686,0.4614936441183091
ann.dd 10,1382.81692265625,0.4599213033914566
ann.dd 10,1388.6856043945309,0.45842161178588875
ann.dd 10,1394.5542861328126,0.45692192018032074
ann.dd 10,1400.422967871094,0.4556510955095291
ann.dd 10,1406.2916496093749,0.4543802708387375
ann.dd 10,1412.1603313476562,0.4534709170460701
ann.dd 10,1418.029013085937,0.4525615632534027
ann.dd 10,1423.8976948242184,0.4517602786421776
ann.dd 10,1429.7663765625002,0.45095899403095246
ann.dd 10,1435.635058300781,0.4504662737250328
ann.dd 10,1441.5037400390624,0.44997355341911316
ann.dd 10,1447.3724217773433,0.44964783936738967
ann.dd 10,1453.2411035156247,0.4493221253156662
ann.dd 10,1459.1097852539065,0.44912478178739546
ann.dd 10,1464.9784669921874,0.44892743825912473
ann.dd 10,1470.8471487304687,0.4488215401768684
ann.dd 10,1476.71583046875,0.4487156420946121
ann.dd 10,1482.584512207031,0.44862711131572724
ann.dd 10,1488.4531939453127,0.44853858053684237
ann.dd 10,1494.3218756835936,0.4484490901231766
ann.dd 10,1500.190557421875,0.4483595997095108
ann.dd 10,1506.0592391601563,0.4482691466808319
ann.dd 10,1511.9279208984372,0.448178693652153
ann.dd 10,1517.796602636719,0.4480872765183449
ann.dd 10,1523.6652843749998,0.44799585938453673
ann.dd 10,1529.5339661132812,0.4479034826159477
ann.dd 10,1535.4026478515625,0.4478111058473587
ann.dd 10,1541.2713295898434,0.4477177709341049
ann.dd 10,1547.1400113281252,0.4476244360208511
ann.dd 10,1553.008693066406,0.44753013700246813
ann.dd 10,1558.8773748046874,0.4474358379840851
ann.dd 10,1564.7460565429687,0.44734058529138565
ann.dd 10,1570.6147382812496,0.4472453325986862
ann.dd 10,1576.4834200195314,0.4471491202712059
ann.dd 10,1582.3521017578123,0.4470529079437256
ann.dd 10,1588.2207834960936,0.4469557344913483
ann.dd 10,1594.089465234375,0.4468585610389709
ann.dd 10,1599.9581469726559,0.44676043689250944
ann.dd 10,1605.8268287109377,0.44666231274604795
ann.dd 10,1611.6955104492185,0.44656323194503783
ann.dd 10,1617.5641921874999,0.4464641511440277
ann.dd 10,1623.4328739257812,0.44636411517858504
ann.dd 10,1629.301555664062,0.4462640792131424
ann.dd 10,1635.170237402344,0.44616308957338335
ann.dd 10,1641.0389191406248,0.4460620999336243
ann.dd 10,1646.9076008789061,0.445960159599781
ann.dd 10,1652.7762826171875,0.4458582192659378
ann.dd 10,1658.6449643554683,0.445755323767662
ann.dd 10,1664.5136460937501,0.4456524282693863
ann.dd 10,1670.382327832031,0.4455485865473747
ann.dd 10,1676.2510095703124,0.44544474482536317
ann.dd 10,1682.1196913085937,0.4453399464488029
ann.dd 10,1687.9883730468746,0.44523514807224274
ann.dd 10,1693.8570547851564,0.4451294094324112
ann.dd 10,1699.7257365234377,0.44502367079257965
ann.dd 10,1705.5944182617186,0.44491698294878007
ann.dd 10,1711.4631,0.4448102951049805
ann.dd 10,1717.3317817382808,0.44470266103744505
ann.dd 10,1723.2004634765626,0.44459502696990966
ann.dd 10,1729.069145214844,0.4444864451885223
ann.dd 10,1734.9378269531253,0.44437786340713503
ann.dd 10,1740.8065086914057,0.44426833689212797
ann.dd 10,1746.675190429687,0.44415881037712096
ann.dd 10,1752.5438721679684,0.4440483435988426
ann.dd 10,1758.4125539062497,0.4439378768205643
ann.dd 10,1764.281235644531,0.4438264682888985
ann.dd 10,1770.1499173828124,0.4437150597572327
ann.dd 10,1776.0185991210938,0.4436027079820633
ann.dd 10,1781.887280859375,0.4434903562068939
ann.dd 10,1787.7559625976564,0.4433770701289177
ann.dd 10,1793.6246443359378,0.44326378405094147
ann.dd 10,1799.4933260742182,0.4431495562195778
ann.dd 10,1805.3620078124995,0.44303532838821413
ann.dd 10,1811.2306895507818,0.44292016327381134
ann.dd 10,1817.0993712890622,0.44280499815940855
ann.dd 10,1822.9680530273436,0.4426888972520828
ann.dd 10,1828.836734765625,0.4425727963447571
ann.dd 10,1834.7054165039062,0.4424557641148567
ann.dd 10,1840.5740982421876,0.44233873188495637
ann.dd 10,1846.442779980469,0.44222076833248136
ann.dd 10,1852.3114617187503,0.4421028047800064
ann.dd 10,1858.1801434570307,0.44198390543460847
ann.dd 10,1864.048825195313,0.44186500608921053
ann.dd 10,1869.9175069335934,0.4417451798915863
ann.dd 10,1875.7861886718747,0.4416253536939621
ann.dd 10,1881.654870410157,0.441504593193531
ann.dd 10,1887.5235521484374,0.4413838326931
ann.dd 10,1893.3922338867187,0.44126215279102327
ann.dd 10,1899.260915625,0.44114047288894653
ann.dd 10,1905.1295973632814,0.4410178631544113
ann.dd 10,1910.9982791015627,0.4408952534198761
ann.dd 10,1916.8669608398432,0.44077172577381135
ann.dd 10,1922.7356425781254,0.4406481981277466
ann.dd 10,1928.6043243164058,0.44052374362945557
ann.dd 10,1934.4730060546872,0.44039928913116455
ann.dd 10,1940.3416877929694,0.44027391225099566
ann.dd 10,1946.2103695312499,0.4401485353708267
ann.dd 10,1952.0790512695312,0.4398551404476166
ann.dd 10,1957.9477330078125,0.4395617455244064
ann.dd 10,1963.8164147460939,0.43876983076334
ann.dd 10,1969.6850964843752,0.43797791600227354
ann.dd 10,1975.5537782226556,0.4369475081562997
ann.dd 10,1981.4224599609379,0.4359171003103256
ann.dd 10,1987.2911416992183,0.43431542217731484
ann.dd 10,1993.1598234374997,0.4327137440443039
ann.dd 10,1999.028505175782,0.4305536955595013
ann.dd 10,2004.8971869140623,0.4283936470746994
ann.dd 10,2010.7658686523437,0.4258978143334389
ann.dd 10,2016.634550390625,0.42340198159217834
ann.dd 10,2022.5032321289063,0.42034016698598864
ann.dd 10,2028.3719138671877,0.4172783523797989
ann.dd 10,2034.2405956054681,0.41403272002935465
ann.dd 10,2040.1092773437504,0.4107870876789093
ann.dd 10,2045.9779590820308,0.40751473456621196
ann.dd 10,2051.846640820312,0.4042423814535141
ann.dd 10,2057.7153225585944,0.401005189120769
ann.dd 10,2063.584004296875,0.3977679967880249
ann.dd 10,2069.452686035156,0.39353707432746887
ann.dd 10,2075.3213677734375,0.38930615186691286
ann.dd 10,2081.190049511719,0.3847751677036285
ann.dd 10,2087.05873125,0.3802441835403442
ann.dd 10,2092.9274129882815,0.3757702499628067
ann.dd 10,2098.796094726563,0.37129631638526917
ann.dd 10,2104.6647764648433,0.3668140783905987
ann.dd 10,2110.5334582031246,0.3623318403959274
ann.dd 10,2116.402139941407,0.3579239532351487
ann.dd 10,2122.2708216796873,0.35351606607437136
ann.dd 10,2128.1395034179686,0.34918311387300494
ann.dd 10,2134.00818515625,0.3448501616716385
ann.dd 10,2139.8768668945313,0.3405928626656528
ann.dd 10,2145.7455486328117,0.336335563659668
ann.dd 10,2151.614230371094,0.33215928375720943
ann.dd 10,2157.4829121093753,0.3279830038547516
ann.dd 10,2163.3515938476557,0.3239700153470043
ann.dd 10,2169.220275585937,0.3199570268392563
ann.dd 10,2175.0889573242184,0.3160313218832016
ann.dd 10,2180.9576390624998,0.3121056169271469
ann.dd 10,2186.826320800781,0.30825235694646835
ann.dd 10,2192.6950025390624,0.3043990969657898
ann.dd 10,2198.563684277344,0.30061844438314406
ann.dd 10,2204.432366015624,0.29683779180049896
ann.dd 10,2210.3010477539065,0.2931295558810231
ann.dd 10,2216.169729492188,0.28942131996154785
ann.dd 10,2222.0384112304682,0.2857853099703792
ann.dd 10,2227.9070929687496,0.2821492999792099
ann.dd 10,2233.775774707031,0.2785851828753948
ann.dd 10,2239.6444564453122,0.27502106577157975
ann.dd 10,2245.5131381835936,0.2715286575257778
ann.dd 10,2251.381819921875,0.2680362492799759
ann.dd 10,2257.2505016601563,0.2646150596439835
ann.dd 10,2263.1191833984367,0.26119387000799177
ann.dd 10,2268.987865136719,0.2578434288501737
ann.dd 10,2274.8565468750003,0.2544929876923561
ann.dd 10,2280.7252286132807,0.2512127041816714
ann.dd 10,2286.593910351562,0.24793242067098617
ann.dd 10,2292.4625920898434,0.24472183659672736
ann.dd 10,2298.3312738281247,0.24151125252246858
ann.dd 10,2304.199955566406,0.2383696660399437
ann.dd 10,2310.0686373046874,0.2352280795574188
ann.dd 10,2315.9373190429687,0.23215480372309658
ann.dd 10,2321.806000781249,0.22908152788877487
ann.dd 10,2327.6746825195314,0.22607577815651866
ann.dd 10,2333.5433642578128,0.223070028424263
ann.dd 10,2339.412045996093,0.22013115584850357
ann.dd 10,2345.2807277343754,0.21719228327274323
ann.dd 10,2351.149409472656,0.21431942731142067
ann.dd 10,2357.018091210937,0.21144657135009765
ann.dd 10,2362.8867729492185,0.20863889157772064
ann.dd 10,2368.7554546875,0.20583121180534364
ann.dd 10,2374.624136425781,0.20308778658509233
ann.dd 10,2380.4928181640616,0.20034436136484146
ann.dd 10,2386.361499902344,0.19766441285610176
ann.dd 10,2392.2301816406252,0.19498446434736252
ann.dd 10,2398.0988633789057,0.19236702248454135
ann.dd 10,2403.967545117188,0.18974958062171937
ann.dd 10,2409.8362268554683,0.18719370663166068
ann.dd 10,2415.7049085937497,0.18463783264160155
ann.dd 10,2421.573590332031,0.1821425199508667
ann.dd 10,2427.4422720703124,0.17964720726013184
ann.dd 10,2433.3109538085937,0.1772115923464296
ann.dd 10,2439.179635546874,0.17477597743272782
ann.dd 10,2445.0483172851564,0.1723990261554716
ann.dd 10,2450.9169990234377,0.1700220748782158
ann.dd 10,2456.785680761718,0.1677027918398384
ann.dd 10,2462.6543625000004,0.16538350880146027
ann.dd 10,2468.523044238281,0.16312085017561934
ann.dd 10,2474.391725976562,0.16085819154977798
ann.dd 10,2480.2604077148435,0.1586512394249439
ann.dd 10,2486.129089453125,0.15644428730010987
ann.dd 10,2491.997771191406,0.1542919807136057
ann.dd 10,2497.8664529296866,0.1521396741271019
ann.dd 10,2503.735134667969,0.1500409968197344
ann.dd 10,2509.60381640625,0.14794231951236725
ann.dd 10,2515.4724981445306,0.14589625708758863
ann.dd 10,2521.341179882813,0.14385019466280938
ann.dd 10,2527.2098616210933,0.14185568541288393
ann.dd 10,2533.0785433593746,0.13986117616295815
ann.dd 10,2538.947225097657,0.13791729025542704
ann.dd 10,2544.8159068359373,0.13597340434789656
ann.dd 10,2550.6845885742187,0.1340790826827286
ann.dd 10,2556.553270312499,0.13218476101756096
ann.dd 10,2562.4219520507813,0.1303389977663754
ann.dd 10,2568.2906337890627,0.12849323451519012
ann.dd 10,2574.159315527343,0.12669498845934896
ann.dd 10,2580.0279972656253,0.12489674240350723
ann.dd 10,2585.896679003906,0.12314509078860296
ann.dd 10,2591.765360742187,0.12139343917369842
ann.dd 10,2597.6340424804694,0.11968735679984069
ann.dd 10,2603.50272421875,0.11798127442598343
ann.dd 10,2609.371405957031,0.1163197752088307
ann.dd 10,2615.2400876953116,0.11465827599167824
ann.dd 10,2621.108769433594,0.1130403574556111
ann.dd 10,2626.977451171875,0.11142243891954422
ann.dd 10,2632.8461329101556,0.10984720401465917
ann.dd 10,2638.714814648438,0.10827196910977363
ann.dd 10,2644.5834963867183,0.10673843249678625
ann.dd 10,2650.4521781249996,0.1052048958837986
ann.dd 10,2656.320859863282,0.10371211618185021
ann.dd 10,2662.1895416015623,0.10221933647990226
ann.dd 10,2668.0582233398436,0.10076635293662536
ann.dd 10,2673.926905078124,0.0993133693933487
ann.dd 10,2679.7955868164063,0.0978993248194455
ann.dd 10,2685.6642685546876,0.09648528024554252
ann.dd 10,2691.532950292968,0.09510924071073554
ann.dd 10,2697.4016320312503,0.09373320117592812
ann.dd 10,2703.2703137695307,0.09239427261054527
ann.dd 10,2709.138995507812,0.0910553440451622
ann.dd 10,2715.0076772460943,0.08975262418389299
ann.dd 10,2720.8763589843747,0.0884499043226242
ann.dd 10,2726.745040722656,0.08718257881700982
ann.dd 10,2732.6137224609365,0.08591525331139564
ann.dd 10,2738.4824041992188,0.08468244411051262
ann.dd 10,2744.3510859375,0.08344963490962982
ann.dd 10,2750.2197676757805,0.08225050643086454
ann.dd 10,2756.088449414063,0.08105137795209885
ann.dd 10,2761.957131152343,0.07988508231937895
ann.dd 10,2767.8258128906245,0.07871878668665885
ann.dd 10,2773.694494628907,0.07758456300944072
ann.dd 10,2779.563176367187,0.07645033933222294
ann.dd 10,2785.4318581054686,0.07534737028181544
ann.dd 10,2791.300539843749,0.07424440123140812
ann.dd 10,2797.1692215820312,0.0731719084084033
ann.dd 10,2803.0379033203126,0.07209941558539867
ann.dd 10,2808.906585058593,0.07105663213878886
ann.dd 10,2814.7752667968753,0.07001384869217872
ann.dd 10,2820.6439485351557,0.06900000367313631
ann.dd 10,2826.512630273437,0.06798615865409374
ann.dd 10,2832.3813120117193,0.06700056008994563
ann.dd 10,2838.2499937499997,0.06601496152579785
ann.dd 10,2844.118675488281,0.06505686584860086
ann.dd 10,2849.9873572265624,0.06409877017140389
ann.dd 10,2855.8560389648437,0.06316747311502695
ann.dd 10,2861.724720703125,0.06223617605865002
ann.dd 10,2867.5934024414055,0.0613309655338527
ann.dd 10,2873.4620841796877,0.060425755009055136
ann.dd 10,2879.330765917968,0.05954599268734462
ann.dd 10,2885.1994476562495,0.05866623036563397
ann.dd 10,2891.0681293945318,0.0578112334012984
ann.dd 10,2896.936811132812,0.056956236436963084
ann.dd 10,2902.8054928710935,0.05612535774707794
ann.dd 10,2908.674174609375,0.0552944790571928
ann.dd 10,2914.542856347656,0.054487066343426704
ann.dd 10,2920.4115380859375,0.05367965362966061
ann.dd 10,2926.280219824218,0.05289512053132069
ann.dd 10,2932.1489015625,0.05211058743298054
ann.dd 10,2938.0175833007806,0.051348310708999687
ann.dd 10,2943.886265039062,0.05058603398501873
ann.dd 10,2949.7549467773442,0.04984542038291682
ann.dd 10,2955.6236285156247,0.04910480678081512
ann.dd 10,2961.492310253906,0.048385263234376905
ann.dd 10,2967.3609919921873,0.04766571968793869
ann.dd 10,2973.2296737304687,0.04696670901030302
ann.dd 10,2979.09835546875,0.04626769833266735
ann.dd 10,2984.9670372070304,0.045588653720915424
ann.dd 10,2990.8357189453127,0.044909609109163286
ann.dd 10,2996.704400683593,0.04424999058246618
ann.dd 10,3002.5730824218745,0.04359037205576897
ann.dd 10,3008.4417641601567,0.04294963926076879
ann.dd 10,3014.310445898437,0.04230890646576881
ann.dd 10,3020.1791276367185,0.04209944838657975
ann.dd 10,3026.047809375,0.04188999030739069
ann.dd 10,3031.916491113281,0.04188999030739069
ann.dd 10,3037.7851728515625,0.04188999030739069
ann.dd 10,3043.653854589843,0.04188999030739069
ann.dd 10,3049.522536328125,0.04188999030739069
ann.dd 10,3055.3912180664056,0.04188999030739069
ann.dd 10,3061.259899804687,0.04188999030739069
ann.dd 10,3067.128581542969,0.04188999030739069
ann.dd 10,3072.9972632812496,0.04188999030739069
ann.dd 10,3078.865945019531,0.04188999030739069
ann.dd 10,3084.7346267578123,0.04188999030739069
ann.dd 10,3090.6033084960936,0.04188999030739069
ann.dd 10,3096.471990234375,0.04188999030739069
ann.dd 10,3102.3406719726563,0.04188999030739069
ann.dd 10,3108.2093537109376,0.04188999030739069
ann.dd 10,3114.078035449218,0.04188999030739069
ann.dd 10,3119.9467171874994,0.04188999030739069
ann.dd 10,3125.8153989257817,0.04188999030739069
ann.dd 10,3131.684080664062,0.04188999030739069
ann.dd 10,3137.5527624023434,0.04188999030739069
ann.dd 10,3143.4214441406248,0.04188999030739069
ann.dd 10,3149.290125878906,0.04188999030739069
ann.dd 10,3155.1588076171874,0.04188999030739069
ann.dd 10,3161.027489355469,0.04188999030739069
ann.dd 10,3166.89617109375,0.04188999030739069
ann.dd 10,3172.7648528320306,0.04188999030739069
ann.dd 10,3178.633534570312,0.04188999030739069
ann.dd 10,3184.502216308594,0.04188999030739069
ann.dd 10,3190.3708980468746,0.04188999030739069
ann.dd 10,3196.239579785156,0.04188999030739069
ann.dd 10,3202.1082615234372,0.04188999030739069
ann.dd 10,3207.9769432617186,0.04188999030739069
ann.dd 10,3213.845625,0.04188999030739069
ann.dd 10,3219.7143067382813,0.04188999030739069
ann.dd 10,3225.5829884765626,0.04188999030739069
ann.dd 10,3231.451670214843,0.04188999030739069
ann.dd 10,3237.3203519531244,0.04188999030739069
ann.dd 10,3243.1890336914066,0.04188999030739069
ann.dd 10,3249.057715429687,0.04188999030739069
ann.dd 10,3254.9263971679684,0.04188999030739069
ann.dd 10,3260.7950789062497,0.04188999030739069
ann.dd 10,3266.663760644531,0.04188999030739069
ann.dd 10,3272.5324423828124,0.04188999030739069
ann.dd 10,3278.4011241210937,0.04188999030739069
ann.dd 10,3284.269805859375,0.04188999030739069
ann.dd 10,3290.1384875976555,0.04188999030739069
ann.dd 10,3296.0071693359378,0.04188999030739069
ann.dd 10,3301.875851074219,0.04188999030739069
ann.dd 10,3307.7445328124995,0.04188999030739069
ann.dd 10,3313.613214550781,0.04188999030739069
ann.dd 10,3319.481896289062,0.04188999030739069
ann.dd 10,3325.3505780273435,0.04188999030739069
ann.dd 10,3331.219259765625,0.04188999030739069
ann.dd 10,3337.087941503906,0.04188999030739069
ann.dd 10,3342.9566232421876,0.04188999030739069
ann.dd 10,3348.825304980468,0.04188999030739069
ann.dd 10,3354.6939867187502,0.04188999030739069
ann.dd 10,3360.5626684570316,0.04188999030739069
ann.dd 10,3366.431350195312,0.04188999030739069
ann.dd 10,3372.3000319335933,0.04188999030739069
ann.dd 10,3378.1687136718747,0.04188999030739069
ann.dd 10,3384.037395410156,0.04188999030739069
ann.dd 10,3389.9060771484374,0.04188999030739069
ann.dd 10,3395.7747588867187,0.04188999030739069
ann.dd 10,3401.643440625,0.04188999030739069
ann.dd 10,3407.5121223632805,0.04188999030739069
ann.dd 10,3413.3808041015627,0.04188999030739069
ann.dd 10,3419.249485839844,0.04188999030739069
ann.dd 10,3425.1181675781245,0.04188999030739069
ann.dd 10,3430.986849316406,0.04188999030739069
ann.dd 10,3436.855531054687,0.04188999030739069
ann.dd 10,3442.7242127929685,0.04188999030739069
ann.dd 10,3448.59289453125,0.04188999030739069
ann.dd 10,3454.461576269531,0.04188999030739069
ann.dd 10,3460.3302580078125,0.04188999030739069
ann.dd 10,3466.198939746093,0.04188999030739069
ann.dd 10,3472.067621484375,0.04188999030739069
ann.dd 10,3477.9363032226565,0.04188999030739069
ann.dd 10,3483.804984960937,0.04188999030739069
ann.dd 10,3489.6736666992183,0.04188999030739069
ann.dd 10,3495.5423484374996,0.04188999030739069
ann.dd 10,3501.411030175781,0.04188999030739069
ann.dd 10,3507.2797119140623,0.04188999030739069
