variable,x,y
seas.wb 10,18.06888313293457,0.5705939888954162
seas.wb 10,18.102894593811033,0.5705939888954162
seas.wb 10,18.1369060546875,0.5705939888954162
seas.wb 10,18.170917515563964,0.5705939888954162
seas.wb 10,18.204928976440428,0.5705939888954162
seas.wb 10,18.238940437316895,0.5705939888954162
seas.wb 10,18.27295189819336,0.5705939888954162
seas.wb 10,18.306963359069822,0.5705939888954162
seas.wb 10,18.34097481994629,0.5705939888954162
seas.wb 10,18.374986280822753,0.5705939888954162
seas.wb 10,18.408997741699217,0.5705939888954162
seas.wb 10,18.443009202575684,0.5705939888954162
seas.wb 10,18.477020663452148,0.5705939888954162
seas.wb 10,18.51103212432861,0.5705939888954162
seas.wb 10,18.54504358520508,0.5705939888954162
seas.wb 10,18.579055046081542,0.5705939888954162
seas.wb 10,18.613066506958006,0.5705939888954162
seas.wb 10,18.647077967834473,0.5705939888954162
seas.wb 10,18.681089428710937,0.5705939888954162
seas.wb 10,18.7151008895874,0.5705939888954162
seas.wb 10,18.749112350463868,0.5705939888954162
seas.wb 10,18.78312381134033,0.5705939888954162
seas.wb 10,18.817135272216795,0.5705939888954162
seas.wb 10,18.851146733093262,0.5705939888954162
seas.wb 10,18.885158193969726,0.5705939888954162
seas.wb 10,18.91916965484619,0.5705939888954162
seas.wb 10,18.953181115722657,0.5705939888954162
seas.wb 10,18.98719257659912,0.5705939888954162
seas.wb 10,19.021204037475584,0.5705939888954162
seas.wb 10,19.05521549835205,0.5705939888954162
seas.wb 10,19.089226959228515,0.5705939888954162
seas.wb 10,19.12323842010498,0.5705939888954162
seas.wb 10,19.157249880981446,0.5705939888954162
seas.wb 10,19.19126134185791,0.5705939888954162
seas.wb 10,19.225272802734374,0.5705939888954162
seas.wb 10,19.259284263610837,0.5705939888954162
seas.wb 10,19.293295724487304,0.5705939888954162
seas.wb 10,19.327307185363768,0.5705939888954162
seas.wb 10,19.361318646240232,0.5705939888954162
seas.wb 10,19.3953301071167,0.5705939888954162
seas.wb 10,19.429341567993163,0.5705939888954162
seas.wb 10,19.463353028869626,0.5705939888954162
seas.wb 10,19.497364489746094,0.5705939888954162
seas.wb 10,19.531375950622557,0.5705939888954162
seas.wb 10,19.56538741149902,0.5705939888954162
seas.wb 10,19.599398872375488,0.5705939888954162
seas.wb 10,19.633410333251952,0.5705939888954162
seas.wb 10,19.667421794128416,0.5705939888954162
seas.wb 10,19.701433255004883,0.5705939888954162
seas.wb 10,19.735444715881346,0.5705939888954162
seas.wb 10,19.76945617675781,0.5705939888954162
seas.wb 10,19.803467637634277,0.5705939888954162
seas.wb 10,19.83747909851074,0.5705939888954162
seas.wb 10,19.871490559387205,0.5705939888954162
seas.wb 10,19.905502020263672,0.5705939888954162
seas.wb 10,19.939513481140136,0.5705939888954162
seas.wb 10,19.9735249420166,0.5705939888954162
seas.wb 10,20.007536402893066,0.5705939888954162
seas.wb 10,20.04154786376953,0.5705939888954162
seas.wb 10,20.075559324645994,0.5705939888954162
seas.wb 10,20.10957078552246,0.5705939888954162
seas.wb 10,20.143582246398925,0.5705939888954162
seas.wb 10,20.17759370727539,0.5705939888954162
seas.wb 10,20.211605168151856,0.5705939888954162
seas.wb 10,20.24561662902832,0.5705939888954162
seas.wb 10,20.279628089904783,0.5705939888954162
seas.wb 10,20.31363955078125,0.5705939888954162
seas.wb 10,20.347651011657714,0.5705939888954162
seas.wb 10,20.381662472534178,0.5705939888954162
seas.wb 10,20.415673933410645,0.5705939888954162
seas.wb 10,20.44968539428711,0.5705939888954162
seas.wb 10,20.483696855163572,0.5705939888954162
seas.wb 10,20.51770831604004,0.5705939888954162
seas.wb 10,20.551719776916503,0.5705939888954162
seas.wb 10,20.585731237792967,0.5705939888954162
seas.wb 10,20.619742698669434,0.5705939888954162
seas.wb 10,20.653754159545898,0.5705939888954162
seas.wb 10,20.68776562042236,0.5705939888954162
seas.wb 10,20.72177708129883,0.5705939888954162
seas.wb 10,20.755788542175292,0.5705939888954162
seas.wb 10,20.789800003051756,0.5705939888954162
seas.wb 10,20.823811463928223,0.5705939888954162
seas.wb 10,20.857822924804687,0.5705939888954162
seas.wb 10,20.89183438568115,0.5710169941186904
seas.wb 10,20.925845846557618,0.5714399993419648
seas.wb 10,20.95985730743408,0.5727103427052498
seas.wb 10,20.993868768310545,0.5739806860685348
seas.wb 10,21.027880229187012,0.575253127515316
seas.wb 10,21.061891690063476,0.5765255689620972
seas.wb 10,21.09590315093994,0.5778000116348266
seas.wb 10,21.129914611816403,0.5790744543075561
seas.wb 10,21.16392607269287,0.5803508013486862
seas.wb 10,21.197937533569334,0.5816271483898163
seas.wb 10,21.2319489944458,0.5829054340720177
seas.wb 10,21.265960455322265,0.584183719754219
seas.wb 10,21.29997191619873,0.5854637950658799
seas.wb 10,21.333983377075192,0.5867438703775406
seas.wb 10,21.36799483795166,0.5880257681012153
seas.wb 10,21.402006298828123,0.5893076658248901
seas.wb 10,21.43601775970459,0.5905912920832634
seas.wb 10,21.470029220581054,0.5918749183416366
seas.wb 10,21.504040681457518,0.5931601703166962
seas.wb 10,21.53805214233398,0.5944454222917557
seas.wb 10,21.57206360321045,0.595732319355011
seas.wb 10,21.606075064086912,0.5970192164182663
seas.wb 10,21.64008652496338,0.598307627439499
seas.wb 10,21.674097985839843,0.5995960384607315
seas.wb 10,21.708109446716307,0.6008859723806381
seas.wb 10,21.74212090759277,0.6021759063005447
seas.wb 10,21.776132368469238,0.6034672647714615
seas.wb 10,21.8101438293457,0.6047586232423783
seas.wb 10,21.844155290222165,0.606051304936409
seas.wb 10,21.878166751098632,0.6073439866304398
seas.wb 10,21.912178211975096,0.6086380004882812
seas.wb 10,21.94618967285156,0.6099320143461228
seas.wb 10,21.980201133728027,0.6112272247672081
seas.wb 10,22.01421259460449,0.6125224351882934
seas.wb 10,22.048224055480954,0.6138188645243645
seas.wb 10,22.08223551635742,0.6151152938604355
seas.wb 10,22.116246977233885,0.6164128124713898
seas.wb 10,22.15025843811035,0.6177103310823441
seas.wb 10,22.184269898986816,0.6190088540315628
seas.wb 10,22.21828135986328,0.6203073769807815
seas.wb 10,22.252292820739743,0.6216069042682648
seas.wb 10,22.28630428161621,0.622906431555748
seas.wb 10,22.320315742492674,0.6242068618535995
seas.wb 10,22.354327203369138,0.6255072921514511
seas.wb 10,22.3883386642456,0.6268085077404976
seas.wb 10,22.42235012512207,0.6281097233295441
seas.wb 10,22.456361585998536,0.62941173017025
seas.wb 10,22.490373046875,0.6307137370109558
seas.wb 10,22.524384507751464,0.6320164024829864
seas.wb 10,22.558395968627927,0.6333190679550171
seas.wb 10,22.592407429504394,0.6346223801374435
seas.wb 10,22.626418890380858,0.63592569231987
seas.wb 10,22.66043035125732,0.6372295379638672
seas.wb 10,22.69444181213379,0.6385333836078644
seas.wb 10,22.728453273010253,0.639837670326233
seas.wb 10,22.762464733886716,0.6411419570446014
seas.wb 10,22.796476194763184,0.6424466609954834
seas.wb 10,22.830487655639647,0.6437513649463653
seas.wb 10,22.86449911651611,0.6450563490390777
seas.wb 10,22.898510577392578,0.6463613331317901
seas.wb 10,22.932522038269042,0.6476665943861007
seas.wb 10,22.966533499145505,0.6489718556404114
seas.wb 10,23.00054496002197,0.6502772718667984
seas.wb 10,23.034556420898436,0.6515826880931854
seas.wb 10,23.0685678817749,0.6528881430625916
seas.wb 10,23.102579342651367,0.6541935980319977
seas.wb 10,23.13659080352783,0.6554990977048873
seas.wb 10,23.170602264404295,0.6568045973777771
seas.wb 10,23.20461372528076,0.6581099838018417
seas.wb 10,23.238625186157225,0.6594153702259063
seas.wb 10,23.27263664703369,0.6607206225395202
seas.wb 10,23.306648107910156,0.6620258748531341
seas.wb 10,23.34065956878662,0.6633308887481689
seas.wb 10,23.374671029663084,0.6646359026432037
seas.wb 10,23.408682490539547,0.6659405589103699
seas.wb 10,23.442693951416015,0.667245215177536
seas.wb 10,23.47670541229248,0.6685494899749755
seas.wb 10,23.510716873168946,0.6698537647724152
seas.wb 10,23.54472833404541,0.6711575120687485
seas.wb 10,23.578739794921873,0.6724612593650818
seas.wb 10,23.612751255798337,0.6737644612789154
seas.wb 10,23.646762716674804,0.675067663192749
seas.wb 10,23.680774177551267,0.6763702034950256
seas.wb 10,23.714785638427735,0.6776727437973022
seas.wb 10,23.7487970993042,0.6789744883775711
seas.wb 10,23.782808560180662,0.68027623295784
seas.wb 10,23.816820021057126,0.6815771788358689
seas.wb 10,23.850831481933593,0.6828781247138977
seas.wb 10,23.884842942810057,0.6841781049966812
seas.wb 10,23.918854403686524,0.6854780852794647
seas.wb 10,23.952865864562987,0.6867770820856094
seas.wb 10,23.98687732543945,0.6880760788917542
seas.wb 10,24.020888786315915,0.6893739700317383
seas.wb 10,24.05490024719238,0.6906718611717224
seas.wb 10,24.088911708068846,0.6919685155153275
seas.wb 10,24.122923168945313,0.6932651698589325
seas.wb 10,24.156934629821777,0.6945605754852295
seas.wb 10,24.19094609069824,0.6958559811115265
seas.wb 10,24.224957551574704,0.6971499651670456
seas.wb 10,24.25896901245117,0.6984439492225647
seas.wb 10,24.292980473327635,0.6997364968061447
seas.wb 10,24.3269919342041,0.7010290443897247
seas.wb 10,24.361003395080566,0.7023200243711472
seas.wb 10,24.39501485595703,0.7036110043525696
seas.wb 10,24.429026316833493,0.7049002915620803
seas.wb 10,24.46303777770996,0.7061895787715912
seas.wb 10,24.497049238586424,0.7074771493673324
seas.wb 10,24.531060699462888,0.7087647199630738
seas.wb 10,24.565072160339355,0.7100504040718079
seas.wb 10,24.59908362121582,0.711336088180542
seas.wb 10,24.633095082092282,0.7126198679208755
seas.wb 10,24.667106542968746,0.7139036476612091
seas.wb 10,24.701118003845213,0.7151853799819946
seas.wb 10,24.735129464721677,0.7164671123027802
seas.wb 10,24.769140925598144,0.717746689915657
seas.wb 10,24.803152386474608,0.7190262675285339
seas.wb 10,24.83716384735107,0.7203036248683929
seas.wb 10,24.87117530822754,0.721580982208252
seas.wb 10,24.905186769104002,0.7228559881448746
seas.wb 10,24.939198229980466,0.7241309940814972
seas.wb 10,24.973209690856933,0.7254036098718644
seas.wb 10,25.007221151733397,0.7266762256622314
seas.wb 10,25.04123261260986,0.7279463082551956
seas.wb 10,25.075244073486324,0.7292163908481598
seas.wb 10,25.10925553436279,0.7304838240146637
seas.wb 10,25.143266995239255,0.7317512571811676
seas.wb 10,25.177278456115722,0.7330160021781922
seas.wb 10,25.211289916992186,0.7342807471752166
seas.wb 10,25.24530137786865,0.735542631149292
seas.wb 10,25.279312838745113,0.7368045151233673
seas.wb 10,25.31332429962158,0.7380635172128678
seas.wb 10,25.347335760498044,0.7393225193023681
seas.wb 10,25.38134722137451,0.7405785083770752
seas.wb 10,25.415358682250975,0.7418344974517822
seas.wb 10,25.44937014312744,0.7430873274803161
seas.wb 10,25.483381604003903,0.7443401575088501
seas.wb 10,25.51739306488037,0.7455898076295853
seas.wb 10,25.551404525756833,0.7468394577503205
seas.wb 10,25.5854159866333,0.7480857521295547
seas.wb 10,25.619427447509764,0.749332046508789
seas.wb 10,25.653438908386228,0.7505749553442002
seas.wb 10,25.68745036926269,0.7518178641796112
seas.wb 10,25.72146183013916,0.7530572593212128
seas.wb 10,25.755473291015623,0.7542966544628144
seas.wb 10,25.78948475189209,0.7555323988199234
seas.wb 10,25.823496212768553,0.7567681431770324
seas.wb 10,25.857507673645017,0.75800019800663
seas.wb 10,25.89151913452148,0.7592322528362274
seas.wb 10,25.925530595397948,0.7604604601860047
seas.wb 10,25.95954205627441,0.7616886675357819
seas.wb 10,25.993553517150875,0.7629129856824874
seas.wb 10,26.027564978027343,0.7641373038291931
seas.wb 10,26.061576438903806,0.7653576076030731
seas.wb 10,26.09558789978027,0.7665779113769531
seas.wb 10,26.129599360656737,0.767794069647789
seas.wb 10,26.1636108215332,0.7690102279186248
seas.wb 10,26.197622282409668,0.7702221900224686
seas.wb 10,26.23163374328613,0.7714341521263123
seas.wb 10,26.265645204162595,0.7726417720317841
seas.wb 10,26.29965666503906,0.7738493919372559
seas.wb 10,26.333668125915526,0.7750526279211044
seas.wb 10,26.36767958679199,0.776255863904953
seas.wb 10,26.401691047668454,0.7774545878171921
seas.wb 10,26.43570250854492,0.7786533117294312
seas.wb 10,26.469713969421385,0.7798473864793778
seas.wb 10,26.503725430297848,0.7810414612293244
seas.wb 10,26.537736891174312,0.7822308540344238
seas.wb 10,26.57174835205078,0.7834202468395233
seas.wb 10,26.605759812927246,0.7846048027276993
seas.wb 10,26.63977127380371,0.7857893586158753
seas.wb 10,26.673782734680174,0.7869690448045731
seas.wb 10,26.707794195556637,0.7881487309932709
seas.wb 10,26.7418056564331,0.789323416352272
seas.wb 10,26.77581711730957,0.7904981017112732
seas.wb 10,26.809828578186035,0.7916676431894303
seas.wb 10,26.8438400390625,0.7928371846675872
seas.wb 10,26.877851499938963,0.7940015673637391
seas.wb 10,26.911862960815427,0.7951659500598908
seas.wb 10,26.94587442169189,0.7963250190019607
seas.wb 10,26.979885882568357,0.7974840879440308
seas.wb 10,27.013897343444825,0.7986378014087677
seas.wb 10,27.04790880432129,0.7997915148735046
seas.wb 10,27.081920265197752,0.800939753651619
seas.wb 10,27.115931726074216,0.8020879924297333
seas.wb 10,27.14994318695068,0.8032306224107743
seas.wb 10,27.183954647827147,0.8043732523918152
seas.wb 10,27.21796610870361,0.8055102586746216
seas.wb 10,27.251977569580077,0.806647264957428
seas.wb 10,27.28598903045654,0.807778486609459
seas.wb 10,27.320000491333005,0.8089097082614899
seas.wb 10,27.354011952209472,0.8100351125001909
seas.wb 10,27.388023413085932,0.8111605167388916
seas.wb 10,27.4220348739624,0.8122799962759018
seas.wb 10,27.456046334838867,0.8133994758129119
seas.wb 10,27.49005779571533,0.8145128935575485
seas.wb 10,27.524069256591794,0.8156263113021851
seas.wb 10,27.558080717468258,0.8167336553335189
seas.wb 10,27.592092178344725,0.8178409993648529
seas.wb 10,27.62610363922119,0.8189421206712723
seas.wb 10,27.660115100097656,0.8200432419776916
seas.wb 10,27.69412656097412,0.8211381226778031
seas.wb 10,27.728138021850583,0.8222330033779144
seas.wb 10,27.762149482727047,0.8233215034008026
seas.wb 10,27.796160943603514,0.8244100034236908
seas.wb 10,27.83017240447998,0.8254920363426208
seas.wb 10,27.864183865356445,0.8265740692615509
seas.wb 10,27.89819532623291,0.8276485532522202
seas.wb 10,27.932206787109372,0.8287230372428894
seas.wb 10,27.966218247985836,0.8297908425331115
seas.wb 10,28.000229708862303,0.8308586478233337
seas.wb 10,28.034241169738767,0.831919813156128
seas.wb 10,28.068252630615234,0.8329809784889222
seas.wb 10,28.102264091491698,0.8340226948261261
seas.wb 10,28.13627555236816,0.8350644111633301
seas.wb 10,28.170287013244625,0.8360026240348816
seas.wb 10,28.20429847412109,0.8369408369064331
seas.wb 10,28.238309934997556,0.8376039147377015
seas.wb 10,28.272321395874023,0.8382669925689697
seas.wb 10,28.306332856750487,0.83871690928936
seas.wb 10,28.34034431762695,0.8391668260097503
seas.wb 10,28.374355778503414,0.8395597875118256
seas.wb 10,28.408367239379878,0.8399527490139007
seas.wb 10,28.442378700256345,0.8403441995382309
seas.wb 10,28.476390161132812,0.840735650062561
seas.wb 10,28.510401622009276,0.841125562787056
seas.wb 10,28.54441308288574,0.8415154755115509
seas.wb 10,28.578424543762203,0.8419038623571395
seas.wb 10,28.612436004638667,0.8422922492027283
seas.wb 10,28.646447465515134,0.8426790922880173
seas.wb 10,28.6804589263916,0.8430659353733063
seas.wb 10,28.714470387268065,0.8434512287378311
seas.wb 10,28.74848184814453,0.8438365221023559
seas.wb 10,28.782493309020992,0.8442202478647232
seas.wb 10,28.816504769897456,0.8446039736270905
seas.wb 10,28.850516230773923,0.8449861317873001
seas.wb 10,28.884527691650387,0.8453682899475098
seas.wb 10,28.918539152526854,0.8457488656044007
seas.wb 10,28.952550613403318,0.8461294412612915
seas.wb 10,28.98656207427978,0.8465084284543991
seas.wb 10,29.02057353515625,0.8468874156475067
seas.wb 10,29.05458499603271,0.847260731458664
seas.wb 10,29.088596456909176,0.8476340472698212
seas.wb 10,29.122607917785643,0.8479423105716706
seas.wb 10,29.156619378662107,0.8482505738735199
seas.wb 10,29.19063083953857,0.8484710246324539
seas.wb 10,29.224642300415034,0.8486914753913879
seas.wb 10,29.2586537612915,0.8489111810922623
seas.wb 10,29.29266522216797,0.8491308867931366
seas.wb 10,29.326676683044433,0.8493468523025512
seas.wb 10,29.360688143920896,0.849562817811966
seas.wb 10,29.39469960479736,0.8496975004673004
seas.wb 10,29.428711065673824,0.8498321831226349
seas.wb 10,29.46272252655029,0.8499147057533264
seas.wb 10,29.496733987426758,0.8499972283840179
seas.wb 10,29.53074544830322,0.850076499581337
seas.wb 10,29.564756909179685,0.850155770778656
seas.wb 10,29.59876837005615,0.8502347201108933
seas.wb 10,29.632779830932613,0.8503136694431305
seas.wb 10,29.66679129180908,0.8503922939300537
seas.wb 10,29.700802752685547,0.850470918416977
seas.wb 10,29.73481421356201,0.850537246465683
seas.wb 10,29.768825674438474,0.8506035745143891
seas.wb 10,29.802837135314938,0.8506565302610397
seas.wb 10,29.836848596191402,0.8507094860076905
seas.wb 10,29.87086005706787,0.8507620573043824
seas.wb 10,29.904871517944333,0.8508146286010743
seas.wb 10,29.9388829788208,0.8508668392896652
seas.wb 10,29.972894439697264,0.8509190499782562
seas.wb 10,30.006905900573727,0.8509708851575851
seas.wb 10,30.04091736145019,0.8510227203369141
seas.wb 10,30.074928822326655,0.8510741889476776
seas.wb 10,30.108940283203122,0.8511256575584412
seas.wb 10,30.14295174407959,0.8511767446994781
seas.wb 10,30.176963204956053,0.8512278318405151
seas.wb 10,30.210974665832516,0.8512785494327545
seas.wb 10,30.24498612670898,0.8513292670249939
seas.wb 10,30.278997587585444,0.8513796031475067
seas.wb 10,30.31300904846191,0.8514299392700195
seas.wb 10,30.34702050933838,0.8514799028635025
seas.wb 10,30.381031970214842,0.8515298664569855
seas.wb 10,30.415043431091306,0.851579463481903
seas.wb 10,30.44905489196777,0.8516290605068206
seas.wb 10,30.483066352844236,0.8516782701015473
seas.wb 10,30.5170778137207,0.8517274796962738
seas.wb 10,30.551089274597164,0.8517763137817382
seas.wb 10,30.58510073547363,0.8518251478672028
seas.wb 10,30.619112196350095,0.8518736004829407
seas.wb 10,30.65312365722656,0.8519220530986786
seas.wb 10,30.687135118103026,0.8519701361656189
seas.wb 10,30.72114657897949,0.8520182192325592
seas.wb 10,30.755158039855953,0.8518081307411194
seas.wb 10,30.78916950073242,0.8515980422496796
seas.wb 10,30.823180961608884,0.8510297149419784
seas.wb 10,30.857192422485348,0.8504613876342774
seas.wb 10,30.89120388336181,0.8497736901044846
seas.wb 10,30.92521534423828,0.8490859925746918
seas.wb 10,30.959226805114746,0.848373344540596
seas.wb 10,30.99323826599121,0.8476606965065002
seas.wb 10,31.027249726867673,0.8469447433948517
seas.wb 10,31.061261187744137,0.8462287902832031
seas.wb 10,31.0952726486206,0.8455095797777176
seas.wb 10,31.129284109497068,0.8447903692722321
seas.wb 10,31.163295570373535,0.8440678685903549
seas.wb 10,31.19730703125,0.8433453679084778
seas.wb 10,31.231318492126462,0.8426196455955506
seas.wb 10,31.265329953002926,0.8418939232826232
seas.wb 10,31.29934141387939,0.8411649525165558
seas.wb 10,31.333352874755857,0.8404359817504883
seas.wb 10,31.367364335632324,0.8397038102149963
seas.wb 10,31.401375796508788,0.8389716386795044
seas.wb 10,31.43538725738525,0.8382362991571426
seas.wb 10,31.469398718261715,0.8375009596347809
seas.wb 10,31.50341017913818,0.8367624312639237
seas.wb 10,31.537421640014646,0.8360239028930664
seas.wb 10,31.57143310089111,0.8352822422981262
seas.wb 10,31.605444561767577,0.834540581703186
seas.wb 10,31.63945602264404,0.8337957948446274
seas.wb 10,31.673467483520504,0.8330510079860687
seas.wb 10,31.70747894439697,0.8323031008243559
seas.wb 10,31.74149040527343,0.8315551936626434
seas.wb 10,31.7755018661499,0.8308042287826538
seas.wb 10,31.809513327026366,0.8300532639026642
seas.wb 10,31.84352478790283,0.8292992144823075
seas.wb 10,31.877536248779293,0.8285451650619506
seas.wb 10,31.911547709655757,0.827788096666336
seas.wb 10,31.945559170532224,0.8270310282707214
seas.wb 10,31.979570631408688,0.8262709349393844
seas.wb 10,32.013582092285155,0.8255108416080474
seas.wb 10,32.04759355316162,0.8247477322816849
seas.wb 10,32.08160501403808,0.8239846229553223
seas.wb 10,32.115616474914546,0.8232185423374178
seas.wb 10,32.14962793579102,0.8224524617195129
seas.wb 10,32.18363939666748,0.8216834336519241
seas.wb 10,32.217650857543944,0.8209144055843354
seas.wb 10,32.25166231842041,0.8201424330472946
seas.wb 10,32.28567377929687,0.8193704605102539
seas.wb 10,32.319685240173335,0.8185956299304962
seas.wb 10,32.3536967010498,0.8178207993507385
seas.wb 10,32.38770816192627,0.81704303920269
seas.wb 10,32.42171962280273,0.8162652790546417
seas.wb 10,32.4557310836792,0.8154846489429474
seas.wb 10,32.48974254455566,0.8147040188312531
seas.wb 10,32.523754005432124,0.8139205634593963
seas.wb 10,32.55776546630859,0.8131371080875397
seas.wb 10,32.59177692718505,0.812349718809128
seas.wb 10,32.62578838806152,0.8115623295307159
seas.wb 10,32.659799848937986,0.8107700556516647
seas.wb 10,32.69381130981445,0.8099777817726135
seas.wb 10,32.72782277069091,0.809182670712471
seas.wb 10,32.76183423156738,0.8083875596523284
seas.wb 10,32.79584569244385,0.807589691877365
seas.wb 10,32.82985715332031,0.8067918241024017
seas.wb 10,32.863868614196775,0.8059912085533142
seas.wb 10,32.89788007507324,0.8051905930042267
seas.wb 10,32.9318915359497,0.8043872535228729
seas.wb 10,32.965902996826166,0.8035839140415192
seas.wb 10,32.99991445770263,0.802777934074402
seas.wb 10,33.0339259185791,0.8019719541072845
seas.wb 10,33.067937379455564,0.8011632621288299
seas.wb 10,33.10194884033203,0.8003545701503754
seas.wb 10,33.13596030120849,0.7995394080877304
seas.wb 10,33.169971762084955,0.7987242460250854
seas.wb 10,33.203983222961426,0.7979037821292876
seas.wb 10,33.23799468383788,0.79708331823349
seas.wb 10,33.272006144714354,0.7962535470724105
seas.wb 10,33.30601760559082,0.7954237759113312
seas.wb 10,33.34002906646728,0.7945869356393815
seas.wb 10,33.37404052734375,0.7937500953674317
seas.wb 10,33.40805198822021,0.7929105579853059
seas.wb 10,33.44206344909668,0.7920710206031799
seas.wb 10,33.47607490997314,0.7912288755178452
seas.wb 10,33.510086370849606,0.7903867304325104
seas.wb 10,33.54409783172607,0.7895413398742676
seas.wb 10,33.578109292602534,0.7886959493160248
seas.wb 10,33.612120753479005,0.7878474593162536
seas.wb 10,33.64613221435546,0.7869989693164825
seas.wb 10,33.68014367523193,0.786147966980934
seas.wb 10,33.714155136108396,0.7852969646453858
seas.wb 10,33.74816659698486,0.784443411231041
seas.wb 10,33.78217805786132,0.7835898578166962
seas.wb 10,33.81618951873779,0.7827338188886643
seas.wb 10,33.85020097961426,0.7818777799606323
seas.wb 10,33.88421244049072,0.7810192883014679
seas.wb 10,33.918223901367185,0.7801607966423034
seas.wb 10,33.95223536224365,0.7792998671531677
seas.wb 10,33.98624682312011,0.7784389376640319
seas.wb 10,34.02025828399658,0.7775756537914276
seas.wb 10,34.05426974487305,0.7767123699188232
seas.wb 10,34.08828120574951,0.7758466720581054
seas.wb 10,34.122292666625974,0.7749809741973877
seas.wb 10,34.15630412750244,0.7741129189729692
seas.wb 10,34.19031558837891,0.7732448637485504
seas.wb 10,34.224327049255365,0.7723745048046113
seas.wb 10,34.258338510131836,0.771504145860672
seas.wb 10,34.29234997100829,0.7706314891576768
seas.wb 10,34.32636143188476,0.7697588324546814
seas.wb 10,34.36037289276123,0.7688839733600616
seas.wb 10,34.39438435363769,0.7680091142654419
seas.wb 10,34.42839581451416,0.7671319663524627
seas.wb 10,34.46240727539062,0.7662548184394836
seas.wb 10,34.49641873626709,0.7653754711151122
seas.wb 10,34.53043019714355,0.764496123790741
seas.wb 10,34.564441658020016,0.7636145979166031
seas.wb 10,34.59845311889649,0.7627330720424652
seas.wb 10,34.63246457977294,0.7618494153022767
seas.wb 10,34.666476040649414,0.760965758562088
seas.wb 10,34.70048750152588,0.760080024600029
seas.wb 10,34.73449896240234,0.75919429063797
seas.wb 10,34.768510423278805,0.7583064198493957
seas.wb 10,34.80252188415527,0.7574185490608215
seas.wb 10,34.83653334503173,0.7565286248922348
seas.wb 10,34.870544805908196,0.755638700723648
seas.wb 10,34.90455626678467,0.7547467410564421
seas.wb 10,34.93856772766113,0.7538547813892365
seas.wb 10,34.972579188537594,0.7529608339071274
seas.wb 10,35.00659064941406,0.7520668864250183
seas.wb 10,35.04060211029052,0.7511709541082383
seas.wb 10,35.07461357116699,0.7502750217914581
seas.wb 10,35.108625032043456,0.7493772029876709
seas.wb 10,35.14263649291992,0.7484793841838837
seas.wb 10,35.17664795379638,0.7475796103477478
seas.wb 10,35.21065941467285,0.746679836511612
seas.wb 10,35.24467087554931,0.745778176188469
seas.wb 10,35.278682336425774,0.7448765158653259
seas.wb 10,35.312693797302245,0.7439730048179626
seas.wb 10,35.3467052581787,0.7430694937705994
seas.wb 10,35.38071671905517,0.7421641618013382
seas.wb 10,35.414728179931636,0.741258829832077
seas.wb 10,35.4487396408081,0.7403517484664918
seas.wb 10,35.48275110168457,0.7394446671009064
seas.wb 10,35.51676256256103,0.7385357767343522
seas.wb 10,35.5507740234375,0.7376268863677978
seas.wb 10,35.58478548431396,0.7367162585258484
seas.wb 10,35.618796945190425,0.7358056306838989
seas.wb 10,35.652808406066896,0.7348932951688766
seas.wb 10,35.68681986694335,0.7339809596538543
seas.wb 10,35.72083132781982,0.733066952228546
seas.wb 10,35.75484278869628,0.7321529448032379
seas.wb 10,35.78885424957275,0.7312373340129852
seas.wb 10,35.822865710449214,0.7303217232227326
seas.wb 10,35.85687717132568,0.7294044584035875
seas.wb 10,35.89088863220215,0.7284871935844421
seas.wb 10,35.924900093078605,0.7275683343410493
seas.wb 10,35.958911553955076,0.7266494750976562
seas.wb 10,35.99292301483154,0.7257290601730346
seas.wb 10,36.026934475708,0.724808645248413
seas.wb 10,36.060945936584474,0.7238867074251174
seas.wb 10,36.09495739746093,0.7229647696018219
seas.wb 10,36.1289688583374,0.7220413744449614
seas.wb 10,36.162980319213865,0.7211179792881012
seas.wb 10,36.19699178009033,0.7201930791139602
seas.wb 10,36.23100324096679,0.7192681789398193
seas.wb 10,36.265014701843256,0.7183418303728104
seas.wb 10,36.29902616271973,0.7174154818058014
seas.wb 10,36.333037623596184,0.7164877295494081
seas.wb 10,36.367049084472654,0.7155599772930146
seas.wb 10,36.40106054534912,0.71463083922863
seas.wb 10,36.43507200622558,0.7137017011642456
seas.wb 10,36.46908346710205,0.7127712786197662
seas.wb 10,36.50309492797851,0.7118408560752869
seas.wb 10,36.53710638885498,0.7109090477228164
seas.wb 10,36.57111784973144,0.7099772393703461
seas.wb 10,36.60512931060791,0.7090441495180131
seas.wb 10,36.63914077148438,0.7081110596656799
seas.wb 10,36.673152232360835,0.7071767032146454
seas.wb 10,36.7071636932373,0.7062423467636109
seas.wb 10,36.74117515411376,0.7053067654371262
seas.wb 10,36.77518661499023,0.7043711841106415
seas.wb 10,36.809198075866696,0.7034344494342804
seas.wb 10,36.84320953674316,0.7024977147579193
seas.wb 10,36.877220997619624,0.7015597611665726
seas.wb 10,36.91123245849609,0.7006218075752259
seas.wb 10,36.94524391937256,0.6996827036142348
seas.wb 10,36.97925538024902,0.6987435996532441
seas.wb 10,37.013266841125485,0.6978033900260925
seas.wb 10,37.04727830200195,0.696863180398941
seas.wb 10,37.08128976287841,0.6959218829870225
seas.wb 10,37.115301223754884,0.6949805855751038
seas.wb 10,37.14931268463134,0.6940382838249207
seas.wb 10,37.18332414550781,0.6930959820747375
seas.wb 10,37.21733560638427,0.6921526044607164
seas.wb 10,37.25134706726074,0.691209226846695
seas.wb 10,37.2853585281372,0.6902648508548737
seas.wb 10,37.319369989013666,0.6893204748630524
seas.wb 10,37.353381449890136,0.6883751362562178
seas.wb 10,37.38739291076659,0.6874297976493835
seas.wb 10,37.421404371643064,0.6864835143089294
seas.wb 10,37.45541583251953,0.6855372309684753
seas.wb 10,37.48942729339599,0.6845900982618333
seas.wb 10,37.52343875427246,0.683642965555191
seas.wb 10,37.55745021514892,0.6826948940753937
seas.wb 10,37.59146167602539,0.6817468225955963
seas.wb 10,37.625473136901846,0.680797901749611
seas.wb 10,37.65948459777832,0.6798489809036254
seas.wb 10,37.69349605865478,0.6788992434740067
seas.wb 10,37.727507519531244,0.6779495060443879
seas.wb 10,37.761518980407715,0.6769989669322967
seas.wb 10,37.79553044128417,0.6760484278202057
seas.wb 10,37.82954190216064,0.6750971823930739
seas.wb 10,37.863553363037106,0.6741459369659424
seas.wb 10,37.89756482391357,0.6731938987970353
seas.wb 10,37.93157628479004,0.6722418606281281
seas.wb 10,37.9655877456665,0.6712903618812562
seas.wb 10,37.99959920654297,0.6703388631343842
seas.wb 10,38.03361066741943,0.6693945914506912
seas.wb 10,38.067622128295895,0.6684503197669983
seas.wb 10,38.101633589172366,0.6675054043531417
seas.wb 10,38.13564505004882,0.6665604889392853
seas.wb 10,38.169656510925286,0.6656150072813034
seas.wb 10,38.20366797180175,0.6646695256233215
seas.wb 10,38.23767943267822,0.6637234091758727
seas.wb 10,38.271690893554684,0.6627772927284241
seas.wb 10,38.30570235443115,0.6618306159973144
seas.wb 10,38.33971381530761,0.6608839392662048
seas.wb 10,38.373725276184075,0.6599367290735245
seas.wb 10,38.407736737060546,0.6589895188808441
seas.wb 10,38.44174819793701,0.6580418020486831
seas.wb 10,38.47575965881347,0.6570940852165222
seas.wb 10,38.50977111968994,0.6561459422111511
seas.wb 10,38.5437825805664,0.65519779920578
seas.wb 10,38.57779404144287,0.654249146580696
seas.wb 10,38.61180550231933,0.6533004939556122
seas.wb 10,38.6458169631958,0.652351427078247
seas.wb 10,38.679828424072255,0.6514023602008819
seas.wb 10,38.713839884948726,0.6504528790712356
seas.wb 10,38.74785134582519,0.6495033979415894
seas.wb 10,38.78186280670165,0.6485535591840745
seas.wb 10,38.815874267578124,0.6476037204265594
seas.wb 10,38.84988572845458,0.6466535896062852
seas.wb 10,38.88389718933105,0.6457034587860108
seas.wb 10,38.917908650207515,0.6447529554367065
seas.wb 10,38.95192011108398,0.6438024520874024
seas.wb 10,38.98593157196045,0.6428516507148742
seas.wb 10,39.019943032836906,0.6419008493423461
seas.wb 10,39.05395449371338,0.6409497827291488
seas.wb 10,39.08796595458983,0.6399987161159515
seas.wb 10,39.121977415466304,0.6390474140644072
seas.wb 10,39.15598887634277,0.6380961120128632
seas.wb 10,39.19000033721923,0.6371446490287782
seas.wb 10,39.2240117980957,0.636193186044693
seas.wb 10,39.25802325897216,0.6352414846420289
seas.wb 10,39.29203471984863,0.6342897832393646
seas.wb 10,39.32604618072509,0.6333379149436951
seas.wb 10,39.36005764160156,0.6323860466480256
seas.wb 10,39.39406910247803,0.6314340531826018
seas.wb 10,39.428080563354484,0.6304820597171783
seas.wb 10,39.462092024230955,0.6295299470424651
seas.wb 10,39.49610348510742,0.628577834367752
seas.wb 10,39.53011494598388,0.6276256948709488
seas.wb 10,39.564126406860346,0.6266735553741455
seas.wb 10,39.59813786773681,0.6257213056087495
seas.wb 10,39.63214932861328,0.6247690558433533
seas.wb 10,39.66616078948974,0.6238386303186417
seas.wb 10,39.70017225036621,0.62290820479393
seas.wb 10,39.73418371124267,0.6220177471637726
seas.wb 10,39.768195172119135,0.6211272895336151
seas.wb 10,39.802206632995606,0.6202720701694487
seas.wb 10,39.83621809387206,0.6194168508052826
seas.wb 10,39.87022955474853,0.6186193853616715
seas.wb 10,39.904241015625,0.6178219199180603
seas.wb 10,39.93825247650146,0.6170454740524292
seas.wb 10,39.97226393737793,0.6162690281867981
seas.wb 10,40.00627539825439,0.6155743271112442
seas.wb 10,40.04028685913085,0.6148796260356904
seas.wb 10,40.074298320007316,0.6144405037164689
seas.wb 10,40.108309780883786,0.6140013813972474
seas.wb 10,40.14232124176025,0.6137754142284393
seas.wb 10,40.176332702636714,0.6135494470596313
seas.wb 10,40.21034416351318,0.6134622484445572
seas.wb 10,40.24435562438964,0.613375049829483
seas.wb 10,40.27836708526611,0.61340292096138
seas.wb 10,40.312378546142575,0.613430792093277
seas.wb 10,40.34639000701904,0.6134585291147232
seas.wb 10,40.3804014678955,0.6134862661361694
seas.wb 10,40.41441292877197,0.6135138511657715
seas.wb 10,40.44842438964844,0.6135414361953735
seas.wb 10,40.4824358505249,0.6135688811540604
seas.wb 10,40.516447311401365,0.6135963261127472
seas.wb 10,40.55045877227782,0.613623633980751
seas.wb 10,40.58447023315429,0.6136509418487549
seas.wb 10,40.618481694030756,0.613678103685379
seas.wb 10,40.65249315490722,0.6137052655220032
seas.wb 10,40.68650461578369,0.6137322843074798
seas.wb 10,40.72051607666015,0.6137593030929566
seas.wb 10,40.75452753753662,0.6137861877679824
seas.wb 10,40.78853899841308,0.6138130724430084
seas.wb 10,40.822550459289545,0.6138398110866546
seas.wb 10,40.856561920166016,0.6138665497303009
seas.wb 10,40.89057338104247,0.6138931512832642
seas.wb 10,40.92458484191894,0.6139197528362275
seas.wb 10,40.95859630279541,0.613966366648674
seas.wb 10,40.99260776367187,0.6140129804611206
seas.wb 10,41.026619224548334,0.6140959352254868
seas.wb 10,41.0606306854248,0.6141788899898529
seas.wb 10,41.09464214630127,0.6142616838216781
seas.wb 10,41.128653607177725,0.6143444776535034
seas.wb 10,41.162665068054196,0.6144271314144134
seas.wb 10,41.19667652893066,0.6145097851753235
seas.wb 10,41.23068798980712,0.6145922899246216
seas.wb 10,41.264699450683594,0.6146747946739197
seas.wb 10,41.29871091156005,0.6147571504116058
seas.wb 10,41.33272237243652,0.614839506149292
seas.wb 10,41.366733833312985,0.6149217188358307
seas.wb 10,41.40074529418945,0.6150039315223694
seas.wb 10,41.43475675506592,0.6150859951972961
seas.wb 10,41.468768215942376,0.6151680588722229
seas.wb 10,41.50277967681885,0.6152499735355377
seas.wb 10,41.5367911376953,0.6153318881988525
seas.wb 10,41.570802598571774,0.6154136538505555
seas.wb 10,41.60481405944824,0.6154954195022583
seas.wb 10,41.6388255203247,0.6155770421028137
seas.wb 10,41.67283698120117,0.6156586647033692
seas.wb 10,41.70684844207763,0.6157401323318481
seas.wb 10,41.7408599029541,0.6158215999603271
seas.wb 10,41.77487136383056,0.6159029245376587
seas.wb 10,41.80888282470703,0.6159842491149903
seas.wb 10,41.8428942855835,0.6160654246807098
seas.wb 10,41.876905746459954,0.6161466002464294
seas.wb 10,41.910917207336425,0.6162276208400727
seas.wb 10,41.94492866821289,0.6163086414337158
seas.wb 10,41.97894012908935,0.6163895219564438
seas.wb 10,42.01295158996581,0.6164704024791717
seas.wb 10,42.04696305084228,0.6165511280298233
seas.wb 10,42.08097451171874,0.6166318535804749
seas.wb 10,42.11498597259521,0.6167124301195145
seas.wb 10,42.14899743347168,0.6167930066585541
seas.wb 10,42.183008894348134,0.616873437166214
seas.wb 10,42.217020355224605,0.616953867673874
seas.wb 10,42.25103181610107,0.6170341491699218
seas.wb 10,42.28504327697753,0.6171144306659698
seas.wb 10,42.319054737854,0.6171945631504059
seas.wb 10,42.35306619873046,0.6172746956348419
seas.wb 10,42.38707765960693,0.6173546761274338
seas.wb 10,42.421089120483394,0.6174346566200256
seas.wb 10,42.45510058135986,0.6175144910812378
seas.wb 10,42.48911204223632,0.61759432554245
seas.wb 10,42.523123503112785,0.6176740050315856
seas.wb 10,42.557134963989256,0.6177536845207214
seas.wb 10,42.59114642486571,0.6178332090377807
seas.wb 10,42.62515788574218,0.6179127335548401
seas.wb 10,42.65916934661865,0.6179921180009842
seas.wb 10,42.69318080749511,0.6180715024471283
seas.wb 10,42.72719226837158,0.6181507349014282
seas.wb 10,42.76120372924804,0.6182299673557281
seas.wb 10,42.79521519012451,0.6183090478181839
seas.wb 10,42.82922665100097,0.6183881282806396
seas.wb 10,42.863238111877436,0.618467053771019
seas.wb 10,42.89724957275391,0.6185459792613983
seas.wb 10,42.93126103363036,0.6186247587203979
seas.wb 10,42.965272494506834,0.6187035381793976
seas.wb 10,42.99928395538329,0.6187821626663208
seas.wb 10,43.03329541625976,0.618860787153244
seas.wb 10,43.067306877136225,0.6189392626285553
seas.wb 10,43.10131833801269,0.6190177381038666
seas.wb 10,43.13532979888916,0.6190960735082627
seas.wb 10,43.169341259765616,0.6191744089126587
seas.wb 10,43.20335272064209,0.6192525804042817
seas.wb 10,43.23736418151855,0.6193307518959046
seas.wb 10,43.271375642395014,0.6194087713956833
seas.wb 10,43.305387103271485,0.619486790895462
seas.wb 10,43.33939856414794,0.619564664363861
seas.wb 10,43.37341002502441,0.6196425378322601
seas.wb 10,43.407421485900876,0.6197202563285827
seas.wb 10,43.44143294677734,0.6197979748249054
seas.wb 10,43.475444407653804,0.6198755413293838
seas.wb 10,43.50945586853027,0.6199531078338623
seas.wb 10,43.54346732940673,0.620030528306961
seas.wb 10,43.577478790283195,0.6201079487800598
seas.wb 10,43.611490251159665,0.6201852113008499
seas.wb 10,43.64550171203613,0.62026247382164
seas.wb 10,43.67951317291259,0.6203395843505859
seas.wb 10,43.713524633789056,0.6204166948795319
seas.wb 10,43.74753609466552,0.6204936504364014
seas.wb 10,43.78154755554199,0.6205706059932709
seas.wb 10,43.815559016418455,0.6206474155187607
seas.wb 10,43.84957047729492,0.6207242250442505
seas.wb 10,43.88358193817138,0.6208008825778961
seas.wb 10,43.917593399047846,0.6208775401115417
seas.wb 10,43.95160485992431,0.6209540396928788
seas.wb 10,43.98561632080077,0.6210305392742157
seas.wb 10,44.019627781677244,0.6211068898439407
seas.wb 10,44.0536392425537,0.6211832404136658
seas.wb 10,44.08765070343017,0.6212594330310821
seas.wb 10,44.121662164306635,0.6213356256484985
seas.wb 10,44.1556736251831,0.6214116662740707
seas.wb 10,44.18968508605957,0.6214877068996429
seas.wb 10,44.223696546936026,0.6215636014938355
seas.wb 10,44.2577080078125,0.6216394960880279
seas.wb 10,44.29171946868896,0.6217152267694473
seas.wb 10,44.325730929565424,0.6217909574508667
seas.wb 10,44.359742390441895,0.6218665421009064
seas.wb 10,44.39375385131835,0.6219421267509461
seas.wb 10,44.42776531219482,0.6220175504684449
seas.wb 10,44.46177677307128,0.6220929741859436
seas.wb 10,44.49578823394775,0.6215335220098496
seas.wb 10,44.52979969482421,0.6209740698337555
seas.wb 10,44.56381115570068,0.6200255811214447
seas.wb 10,44.59782261657715,0.6190770924091339
seas.wb 10,44.631834077453604,0.6181283921003343
seas.wb 10,44.665845538330075,0.6171796917915344
seas.wb 10,44.69985699920654,0.6162307679653167
seas.wb 10,44.733868460083,0.6152818441390991
seas.wb 10,44.76787992095947,0.6143328279256819
seas.wb 10,44.80189138183593,0.613383811712265
seas.wb 10,44.8359028427124,0.6124347895383833
seas.wb 10,44.86991430358886,0.611485767364502
seas.wb 10,44.90392576446533,0.6105368137359619
seas.wb 10,44.93793722534179,0.6095878601074218
seas.wb 10,44.971948686218255,0.6086391180753707
seas.wb 10,45.005960147094726,0.6076903760433197
seas.wb 10,45.03997160797118,0.6067418038845064
seas.wb 10,45.07398306884765,0.6057932317256928
seas.wb 10,45.10799452972412,0.6048449724912643
seas.wb 10,45.14200599060058,0.6038967132568359
seas.wb 10,45.17601745147705,0.6029488444328306
seas.wb 10,45.21002891235351,0.6020009756088257
seas.wb 10,45.24404037322998,0.6010535657405853
seas.wb 10,45.27805183410644,0.600106155872345
seas.wb 10,45.312063294982906,0.5991593360900879
seas.wb 10,45.34607475585938,0.5982125163078308
seas.wb 10,45.38008621673583,0.5972662687301635
seas.wb 10,45.4140976776123,0.5963200211524964
seas.wb 10,45.44810913848876,0.5953744500875473
seas.wb 10,45.48212059936523,0.5944288790225982
seas.wb 10,45.516132060241695,0.5934840679168701
seas.wb 10,45.55014352111816,0.592539256811142
seas.wb 10,45.58415498199462,0.5915952801704407
seas.wb 10,45.618166442871086,0.5906513035297394
seas.wb 10,45.65217790374756,0.5897082775831223
seas.wb 10,45.68618936462402,0.5887652516365052
seas.wb 10,45.720200825500484,0.5878231436014175
seas.wb 10,45.75421228637695,0.58688103556633
seas.wb 10,45.78822374725341,0.5859399646520614
seas.wb 10,45.82223520812988,0.584998893737793
seas.wb 10,45.85624666900634,0.5840589314699175
seas.wb 10,45.89025812988281,0.5831189692020416
seas.wb 10,45.924269590759266,0.5821801751852037
seas.wb 10,45.95828105163574,0.5812413811683654
seas.wb 10,45.9922925125122,0.5803038746118545
seas.wb 10,46.026303973388664,0.5793663680553436
seas.wb 10,46.060315434265135,0.5784301042556761
seas.wb 10,46.09432689514159,0.5774938404560089
seas.wb 10,46.12833835601806,0.5765589445829391
seas.wb 10,46.162349816894526,0.5756240487098694
seas.wb 10,46.19636127777099,0.5746905684471131
seas.wb 10,46.23037273864746,0.5737570881843567
seas.wb 10,46.26438419952392,0.5728250950574877
seas.wb 10,46.29839566040039,0.5718931019306183
seas.wb 10,46.332407121276844,0.5709627062082292
seas.wb 10,46.366418582153315,0.5700323104858398
seas.wb 10,46.40043004302978,0.5691034585237503
seas.wb 10,46.43444150390624,0.5681746065616607
seas.wb 10,46.46845296478271,0.5672474190592764
seas.wb 10,46.50246442565917,0.5663202315568924
seas.wb 10,46.53647588653564,0.5653947398066521
seas.wb 10,46.570487347412104,0.5644692480564117
seas.wb 10,46.60449880828857,0.5635455384850502
seas.wb 10,46.63851026916504,0.5626218289136886
seas.wb 10,46.672521730041495,0.5616999819874765
seas.wb 10,46.706533190917966,0.5607781350612641
seas.wb 10,46.74054465179443,0.5598581105470657
seas.wb 10,46.77455611267089,0.5589380860328674
seas.wb 10,46.80856757354736,0.5580199852585792
seas.wb 10,46.84257903442382,0.5571018844842911
seas.wb 10,46.876590495300285,0.5561857640743255
seas.wb 10,46.91060195617675,0.55526964366436
seas.wb 10,46.94461341705322,0.5543555408716202
seas.wb 10,46.97862487792968,0.5534414380788804
seas.wb 10,47.012636338806146,0.5525294512510299
seas.wb 10,47.04664779968261,0.5516174644231796
seas.wb 10,47.080659260559074,0.5507075488567352
seas.wb 10,47.114670721435544,0.5497976332902909
seas.wb 10,47.14868218231201,0.5488898769021034
seas.wb 10,47.18269364318847,0.547982120513916
seas.wb 10,47.216705104064935,0.5470765754580498
seas.wb 10,47.2507165649414,0.5461710304021835
seas.wb 10,47.28472802581786,0.5452677249908447
seas.wb 10,47.31873948669433,0.5443644195795059
seas.wb 10,47.3527509475708,0.5434634625911711
seas.wb 10,47.386762408447254,0.5425625056028366
seas.wb 10,47.420773869323725,0.5416638359427453
seas.wb 10,47.45478533020019,0.5407651662826538
seas.wb 10,47.48879679107665,0.539881044626236
seas.wb 10,47.52280825195312,0.5389969229698182
seas.wb 10,47.55681971282958,0.538215357065201
seas.wb 10,47.59083117370605,0.5374337911605835
seas.wb 10,47.624842634582514,0.5368974432349205
seas.wb 10,47.65885409545898,0.5363610953092575
seas.wb 10,47.69286555633545,0.5361187800765037
seas.wb 10,47.726877017211905,0.53587646484375
seas.wb 10,47.760888478088376,0.5357110023498535
seas.wb 10,47.79489993896483,0.535545539855957
seas.wb 10,47.8289113998413,0.5353809893131256
seas.wb 10,47.86292286071777,0.5352164387702942
seas.wb 10,47.89693432159423,0.53505280315876
seas.wb 10,47.9309457824707,0.5348891675472259
seas.wb 10,47.96495724334716,0.5347264513373375
seas.wb 10,47.99896870422363,0.534563735127449
seas.wb 10,48.03298016510009,0.5344019502401351
seas.wb 10,48.066991625976556,0.5342401653528214
seas.wb 10,48.10100308685303,0.5340793207287788
seas.wb 10,48.13501454772948,0.5339184761047363
seas.wb 10,48.169026008605954,0.5337585568428039
seas.wb 10,48.20303746948242,0.5335986375808716
seas.wb 10,48.23704893035888,0.5334396809339523
seas.wb 10,48.271060391235345,0.5332807242870331
seas.wb 10,48.30507185211181,0.5331227198243141
seas.wb 10,48.33908331298828,0.5329647153615952
seas.wb 10,48.373094773864736,0.5328076839447021
seas.wb 10,48.40710623474121,0.5326506525278092
seas.wb 10,48.44111769561767,0.5324945792555809
seas.wb 10,48.475129156494134,0.5323385059833526
seas.wb 10,48.509140617370605,0.5321834027767182
seas.wb 10,48.54315207824706,0.5320282995700836
seas.wb 10,48.57716353912353,0.5318741858005523
seas.wb 10,48.611174999999996,0.5317200720310211
seas.wb 10,48.64518646087646,0.5315669342875481
seas.wb 10,48.67919792175293,0.5314137965440751
seas.wb 10,48.71320938262939,0.5312616646289825
seas.wb 10,48.74722084350585,0.53110953271389
seas.wb 10,48.781232304382314,0.530958378314972
seas.wb 10,48.815243765258785,0.5308072239160537
seas.wb 10,48.84925522613525,0.5306570738554001
seas.wb 10,48.88326668701171,0.5305069237947464
seas.wb 10,48.917278147888176,0.5303577885031701
seas.wb 10,48.95128960876464,0.5302086532115936
seas.wb 10,48.98530106964111,0.5300605192780494
seas.wb 10,49.019312530517574,0.5299123853445054
seas.wb 10,49.05332399139404,0.529765272140503
seas.wb 10,49.0873354522705,0.5296181589365005
seas.wb 10,49.121346913146965,0.5294720605015755
seas.wb 10,49.155358374023436,0.5293259620666504
seas.wb 10,49.1893698348999,0.5291808843612671
seas.wb 10,49.22338129577636,0.5290358066558838
seas.wb 10,49.25739275665282,0.5289876684546471
seas.wb 10,49.29140421752929,0.5289395302534103
seas.wb 10,49.325415678405754,0.5289395302534103
seas.wb 10,49.35942713928222,0.5289395302534103
seas.wb 10,49.39343860015869,0.5289395302534103
seas.wb 10,49.427450061035145,0.5289395302534103
seas.wb 10,49.461461521911616,0.5289395302534103
seas.wb 10,49.49547298278808,0.5289395302534103
seas.wb 10,49.52948444366454,0.5289395302534103
seas.wb 10,49.563495904541014,0.5289395302534103
seas.wb 10,49.59750736541747,0.5289395302534103
seas.wb 10,49.63151882629394,0.5289395302534103
seas.wb 10,49.665530287170405,0.5289395302534103
seas.wb 10,49.69954174804687,0.5289395302534103
seas.wb 10,49.73355320892333,0.5289395302534103
seas.wb 10,49.767564669799796,0.5289395302534103
seas.wb 10,49.80157613067627,0.5289395302534103
seas.wb 10,49.83558759155272,0.5289395302534103
seas.wb 10,49.869599052429194,0.5289395302534103
seas.wb 10,49.90361051330566,0.5289395302534103
seas.wb 10,49.93762197418212,0.5289395302534103
seas.wb 10,49.97163343505859,0.5289395302534103
seas.wb 10,50.00564489593505,0.5289395302534103
seas.wb 10,50.03965635681152,0.5289395302534103
seas.wb 10,50.073667817687976,0.5289395302534103
seas.wb 10,50.10767927856445,0.5289395302534103
seas.wb 10,50.14169073944092,0.5289395302534103
seas.wb 10,50.175702200317374,0.5289395302534103
seas.wb 10,50.209713661193845,0.5289395302534103
seas.wb 10,50.2437251220703,0.5289395302534103
seas.wb 10,50.27773658294677,0.5289395302534103
seas.wb 10,50.31174804382324,0.5289395302534103
seas.wb 10,50.3457595046997,0.5289395302534103
seas.wb 10,50.37977096557617,0.5289395302534103
seas.wb 10,50.41378242645263,0.5289395302534103
seas.wb 10,50.4477938873291,0.5289395302534103
seas.wb 10,50.481805348205555,0.5289395302534103
seas.wb 10,50.515816809082025,0.5289395302534103
seas.wb 10,50.549828269958496,0.5289395302534103
seas.wb 10,50.58383973083495,0.5289395302534103
seas.wb 10,50.617851191711424,0.5289395302534103
seas.wb 10,50.65186265258788,0.5289395302534103
seas.wb 10,50.68587411346435,0.5289395302534103
seas.wb 10,50.71988557434081,0.5289395302534103
seas.wb 10,50.75389703521728,0.5289395302534103
seas.wb 10,50.78790849609375,0.5289395302534103
seas.wb 10,50.821919956970206,0.5289395302534103
seas.wb 10,50.855931417846676,0.5289395302534103
seas.wb 10,50.88994287872313,0.5289395302534103
seas.wb 10,50.923954339599604,0.5289395302534103
seas.wb 10,50.957965800476074,0.5289395302534103
seas.wb 10,50.99197726135253,0.5289395302534103
seas.wb 10,51.025988722229,0.5289395302534103
seas.wb 10,51.06000018310546,0.5289395302534103
seas.wb 10,51.09401164398193,0.5289395302534103
seas.wb 10,51.1280231048584,0.5289395302534103
seas.wb 10,51.16203456573486,0.5289395302534103
seas.wb 10,51.19604602661133,0.5289395302534103
seas.wb 10,51.230057487487784,0.5289395302534103
seas.wb 10,51.264068948364255,0.5289395302534103
seas.wb 10,51.298080409240725,0.5289395302534103
seas.wb 10,51.33209187011718,0.5289395302534103
seas.wb 10,51.36610333099365,0.5289395302534103
seas.wb 10,51.40011479187011,0.5289395302534103
seas.wb 10,51.434126252746566,0.5289395302534103
seas.wb 10,51.46813771362304,0.5289395302534103
seas.wb 10,51.50214917449951,0.5289395302534103
seas.wb 10,51.536160635375964,0.5289395302534103
seas.wb 10,51.570172096252435,0.5289395302534103
seas.wb 10,51.60418355712889,0.5289395302534103
seas.wb 10,51.63819501800536,0.5289395302534103
seas.wb 10,51.67220647888183,0.5289395302534103
seas.wb 10,51.70621793975829,0.5289395302534103
seas.wb 10,51.74022940063476,0.5289395302534103
seas.wb 10,51.77424086151122,0.5289395302534103
seas.wb 10,51.80825232238769,0.5289395302534103
seas.wb 10,51.84226378326416,0.5289395302534103
seas.wb 10,51.876275244140615,0.5289395302534103
seas.wb 10,51.910286705017086,0.5289395302534103
seas.wb 10,51.94429816589354,0.5289395302534103
seas.wb 10,51.97830962677001,0.5289395302534103
seas.wb 10,52.012321087646484,0.5289395302534103
seas.wb 10,52.04633254852294,0.5289395302534103
seas.wb 10,52.08034400939941,0.5289395302534103
