variable,x,y
seas.dd 10,182.95237426757814,0.5582509100437164
seas.dd 10,183.10699350585938,0.5582509100437164
seas.dd 10,183.26161274414065,0.5582509100437164
seas.dd 10,183.4162319824219,0.5582509100437164
seas.dd 10,183.57085122070313,0.5582509100437164
seas.dd 10,183.72547045898438,0.5582509100437164
seas.dd 10,183.88008969726565,0.5582509100437164
seas.dd 10,184.0347089355469,0.5582509100437164
seas.dd 10,184.18932817382813,0.5582509100437164
seas.dd 10,184.34394741210937,0.5582509100437164
seas.dd 10,184.49856665039064,0.5582509100437164
seas.dd 10,184.65318588867189,0.5582509100437164
seas.dd 10,184.80780512695313,0.5582509100437164
seas.dd 10,184.9624243652344,0.5582509100437164
seas.dd 10,185.11704360351564,0.5582509100437164
seas.dd 10,185.27166284179688,0.5582509100437164
seas.dd 10,185.42628208007812,0.5582509100437164
seas.dd 10,185.5809013183594,0.5582509100437164
seas.dd 10,185.73552055664064,0.5582509100437164
seas.dd 10,185.89013979492188,0.5582509100437164
seas.dd 10,186.04475903320315,0.5582509100437164
seas.dd 10,186.1993782714844,0.5582509100437164
seas.dd 10,186.35399750976563,0.5582509100437164
seas.dd 10,186.50861674804688,0.5582509100437164
seas.dd 10,186.66323598632815,0.5582509100437164
seas.dd 10,186.8178552246094,0.5582509100437164
seas.dd 10,186.97247446289063,0.5582509100437164
seas.dd 10,187.12709370117187,0.5582509100437164
seas.dd 10,187.28171293945314,0.5582509100437164
seas.dd 10,187.43633217773439,0.5582509100437164
seas.dd 10,187.59095141601563,0.5582509100437164
seas.dd 10,187.7455706542969,0.5582509100437164
seas.dd 10,187.90018989257814,0.5582509100437164
seas.dd 10,188.05480913085938,0.5582509100437164
seas.dd 10,188.20942836914062,0.5582509100437164
seas.dd 10,188.3640476074219,0.5582509100437164
seas.dd 10,188.51866684570314,0.5582509100437164
seas.dd 10,188.67328608398438,0.5582509100437164
seas.dd 10,188.82790532226562,0.5582509100437164
seas.dd 10,188.9825245605469,0.5582509100437164
seas.dd 10,189.13714379882813,0.5582509100437164
seas.dd 10,189.29176303710938,0.5582509100437164
seas.dd 10,189.44638227539065,0.5582509100437164
seas.dd 10,189.6010015136719,0.5582509100437164
seas.dd 10,189.75562075195313,0.5582509100437164
seas.dd 10,189.91023999023437,0.5582509100437164
seas.dd 10,190.06485922851564,0.5582509100437164
seas.dd 10,190.2194784667969,0.5582509100437164
seas.dd 10,190.37409770507813,0.5582509100437164
seas.dd 10,190.52871694335937,0.5582509100437164
seas.dd 10,190.68333618164064,0.5582509100437164
seas.dd 10,190.83795541992188,0.5582509100437164
seas.dd 10,190.99257465820313,0.5582509100437164
seas.dd 10,191.1471938964844,0.5582509100437164
seas.dd 10,191.30181313476564,0.5582509100437164
seas.dd 10,191.45643237304688,0.5582509100437164
seas.dd 10,191.61105161132812,0.5582509100437164
seas.dd 10,191.7656708496094,0.5582509100437164
seas.dd 10,191.92029008789063,0.5582509100437164
seas.dd 10,192.07490932617188,0.5582509100437164
seas.dd 10,192.22952856445315,0.5582509100437164
seas.dd 10,192.3841478027344,0.5582509100437164
seas.dd 10,192.53876704101563,0.5582509100437164
seas.dd 10,192.69338627929687,0.5582509100437164
seas.dd 10,192.84800551757814,0.5582509100437164
seas.dd 10,193.0026247558594,0.5582509100437164
seas.dd 10,193.15724399414063,0.5582509100437164
seas.dd 10,193.3118632324219,0.5582509100437164
seas.dd 10,193.46648247070314,0.5582509100437164
seas.dd 10,193.62110170898438,0.5582509100437164
seas.dd 10,193.77572094726563,0.5582509100437164
seas.dd 10,193.9303401855469,0.5582509100437164
seas.dd 10,194.08495942382814,0.5582509100437164
seas.dd 10,194.23957866210938,0.5582509100437164
seas.dd 10,194.39419790039062,0.5582509100437164
seas.dd 10,194.5488171386719,0.5582509100437164
seas.dd 10,194.70343637695314,0.5582509100437164
seas.dd 10,194.85805561523438,0.5582509100437164
seas.dd 10,195.01267485351565,0.5582509100437164
seas.dd 10,195.1672940917969,0.5582509100437164
seas.dd 10,195.32191333007813,0.5582509100437164
seas.dd 10,195.47653256835937,0.5582509100437164
seas.dd 10,195.63115180664064,0.5582509100437164
seas.dd 10,195.7857710449219,0.5583017721772194
seas.dd 10,195.94039028320313,0.5583526343107224
seas.dd 10,196.09500952148437,0.5585057109594345
seas.dd 10,196.24962875976564,0.5586587876081467
seas.dd 10,196.40424799804688,0.5588125213980675
seas.dd 10,196.55886723632813,0.5589662551879883
seas.dd 10,196.7134864746094,0.559120674431324
seas.dd 10,196.86810571289064,0.5592750936746598
seas.dd 10,197.02272495117188,0.5594301864504814
seas.dd 10,197.17734418945312,0.5595852792263031
seas.dd 10,197.3319634277344,0.5597410514950752
seas.dd 10,197.48658266601564,0.5598968237638473
seas.dd 10,197.64120190429688,0.5600532770156861
seas.dd 10,197.79582114257812,0.5602097302675247
seas.dd 10,197.9504403808594,0.5603668496012688
seas.dd 10,198.10505961914063,0.5605239689350128
seas.dd 10,198.25967885742187,0.5606817707419396
seas.dd 10,198.41429809570315,0.5608395725488663
seas.dd 10,198.5689173339844,0.5609980583190918
seas.dd 10,198.72353657226563,0.5611565440893174
seas.dd 10,198.87815581054687,0.5613157048821449
seas.dd 10,199.03277504882814,0.5614748656749725
seas.dd 10,199.18739428710938,0.5616347029805183
seas.dd 10,199.34201352539063,0.5617945402860641
seas.dd 10,199.4966327636719,0.5619550511240959
seas.dd 10,199.65125200195314,0.5621155619621276
seas.dd 10,199.80587124023438,0.562276765704155
seas.dd 10,199.96049047851562,0.5624379694461823
seas.dd 10,200.1151097167969,0.5625998467206955
seas.dd 10,200.26972895507814,0.5627617239952087
seas.dd 10,200.42434819335938,0.5629242762923241
seas.dd 10,200.57896743164065,0.5630868285894394
seas.dd 10,200.7335866699219,0.5632500573992729
seas.dd 10,200.88820590820313,0.5634132862091065
seas.dd 10,201.04282514648438,0.5635772138834
seas.dd 10,201.19744438476562,0.5637411415576935
seas.dd 10,201.3520636230469,0.5639057353138923
seas.dd 10,201.50668286132813,0.5640703290700912
seas.dd 10,201.66130209960937,0.5642355993390084
seas.dd 10,201.81592133789064,0.5644008696079255
seas.dd 10,201.97054057617189,0.5645668253302574
seas.dd 10,202.12515981445313,0.5647327810525894
seas.dd 10,202.2797790527344,0.5648994266986846
seas.dd 10,202.43439829101564,0.56506607234478
seas.dd 10,202.58901752929688,0.5652333870530128
seas.dd 10,202.74363676757812,0.5654007017612457
seas.dd 10,202.8982560058594,0.5655687019228935
seas.dd 10,203.05287524414064,0.5657367020845413
seas.dd 10,203.20749448242188,0.5659053832292557
seas.dd 10,203.36211372070312,0.56607406437397
seas.dd 10,203.5167329589844,0.5662434279918671
seas.dd 10,203.67135219726563,0.5664127916097641
seas.dd 10,203.82597143554688,0.5665828362107277
seas.dd 10,203.98059067382815,0.5667528808116913
seas.dd 10,204.1352099121094,0.5669236063957215
seas.dd 10,204.28982915039063,0.5670943319797516
seas.dd 10,204.44444838867187,0.5672657385468483
seas.dd 10,204.59906762695314,0.567437145113945
seas.dd 10,204.75368686523439,0.5676092460751534
seas.dd 10,204.90830610351563,0.5677813470363617
seas.dd 10,205.06292534179687,0.5679541200399398
seas.dd 10,205.21754458007814,0.568126893043518
seas.dd 10,205.37216381835938,0.5683003515005112
seas.dd 10,205.52678305664062,0.5684738099575043
seas.dd 10,205.6814022949219,0.5686479568481445
seas.dd 10,205.83602153320314,0.5688221037387848
seas.dd 10,205.99064077148438,0.5689969286322594
seas.dd 10,206.14526000976562,0.5691717535257339
seas.dd 10,206.2998792480469,0.569347257912159
seas.dd 10,206.45449848632813,0.569522762298584
seas.dd 10,206.60911772460938,0.5696989536285401
seas.dd 10,206.76373696289062,0.5698751449584961
seas.dd 10,206.9183562011719,0.5700520291924477
seas.dd 10,207.07297543945313,0.5702289134263993
seas.dd 10,207.22759467773437,0.5704064726829529
seas.dd 10,207.38221391601564,0.5705840319395066
seas.dd 10,207.5368331542969,0.570762275159359
seas.dd 10,207.69145239257813,0.5709405183792114
seas.dd 10,207.8460716308594,0.5711194470524787
seas.dd 10,208.00069086914064,0.5712983757257462
seas.dd 10,208.15531010742188,0.5714779913425445
seas.dd 10,208.30992934570313,0.571657606959343
seas.dd 10,208.46454858398437,0.5718379095196724
seas.dd 10,208.61916782226564,0.5720182120800018
seas.dd 10,208.77378706054688,0.5721991896629334
seas.dd 10,208.92840629882812,0.5723801672458648
seas.dd 10,209.0830255371094,0.572561839222908
seas.dd 10,209.23764477539063,0.5727435111999511
seas.dd 10,209.39226401367188,0.572925865650177
seas.dd 10,209.54688325195315,0.5731082201004029
seas.dd 10,209.7015024902344,0.5732912629842758
seas.dd 10,209.85612172851563,0.5734743058681488
seas.dd 10,210.01074096679687,0.5736580342054367
seas.dd 10,210.16536020507812,0.5738417625427246
seas.dd 10,210.3199794433594,0.574026170372963
seas.dd 10,210.47459868164063,0.5742105782032013
seas.dd 10,210.62921791992187,0.5743956804275513
seas.dd 10,210.78383715820314,0.5745807826519013
seas.dd 10,210.93845639648438,0.5747665673494339
seas.dd 10,211.09307563476563,0.5749523520469666
seas.dd 10,211.2476948730469,0.5751388221979141
seas.dd 10,211.40231411132814,0.5753252923488616
seas.dd 10,211.55693334960938,0.5755124479532242
seas.dd 10,211.71155258789062,0.5756996035575866
seas.dd 10,211.8661718261719,0.5758874475955963
seas.dd 10,212.02079106445314,0.5760752916336059
seas.dd 10,212.17541030273438,0.5762638211250305
seas.dd 10,212.33002954101562,0.5764523506164551
seas.dd 10,212.4846487792969,0.5766415596008301
seas.dd 10,212.63926801757813,0.5768307685852051
seas.dd 10,212.79388725585937,0.5770206779241562
seas.dd 10,212.94850649414064,0.5772105872631073
seas.dd 10,213.1031257324219,0.5774011880159378
seas.dd 10,213.25774497070313,0.5775917887687683
seas.dd 10,213.41236420898437,0.5777830570936203
seas.dd 10,213.56698344726564,0.5779743254184723
seas.dd 10,213.72160268554688,0.5781662881374359
seas.dd 10,213.87622192382813,0.5783582508563996
seas.dd 10,214.03084116210937,0.5785509079694748
seas.dd 10,214.18546040039064,0.5787435650825501
seas.dd 10,214.34007963867188,0.5789369165897369
seas.dd 10,214.49469887695312,0.5791302680969238
seas.dd 10,214.6493181152344,0.5793242901563644
seas.dd 10,214.80393735351564,0.5795183122158051
seas.dd 10,214.95855659179688,0.5797130256891251
seas.dd 10,215.11317583007815,0.5799077391624451
seas.dd 10,215.2677950683594,0.58010313808918
seas.dd 10,215.42241430664063,0.5802985370159149
seas.dd 10,215.57703354492187,0.5804946392774581
seas.dd 10,215.73165278320312,0.5806907415390015
seas.dd 10,215.8862720214844,0.5808875143527985
seas.dd 10,216.04089125976563,0.5810842871665954
seas.dd 10,216.19551049804687,0.5812817543745041
seas.dd 10,216.35012973632814,0.5814792215824127
seas.dd 10,216.50474897460938,0.5816773772239685
seas.dd 10,216.65936821289063,0.5818755328655243
seas.dd 10,216.8139874511719,0.5820743799209595
seas.dd 10,216.96860668945314,0.5822732269763946
seas.dd 10,217.12322592773438,0.5824727565050125
seas.dd 10,217.27784516601562,0.5826722860336304
seas.dd 10,217.43246440429687,0.5828725010156631
seas.dd 10,217.58708364257814,0.583072715997696
seas.dd 10,217.74170288085938,0.5832736283540726
seas.dd 10,217.89632211914062,0.5834745407104492
seas.dd 10,218.0509413574219,0.583676141500473
seas.dd 10,218.20556059570313,0.5838777422904968
seas.dd 10,218.36017983398438,0.5840800285339356
seas.dd 10,218.51479907226565,0.5842823147773742
seas.dd 10,218.6694183105469,0.5844852864742279
seas.dd 10,218.82403754882813,0.5846882581710815
seas.dd 10,218.9786567871094,0.5848919153213501
seas.dd 10,219.13327602539061,0.5850955724716187
seas.dd 10,219.28789526367189,0.5852999269962311
seas.dd 10,219.44251450195313,0.5855042815208436
seas.dd 10,219.59713374023437,0.5857093214988709
seas.dd 10,219.75175297851564,0.5859143614768982
seas.dd 10,219.90637221679688,0.5861200809478759
seas.dd 10,220.06099145507812,0.5863258004188537
seas.dd 10,220.2156106933594,0.5865322202444077
seas.dd 10,220.37022993164064,0.5867386400699616
seas.dd 10,220.52484916992188,0.5869457513093949
seas.dd 10,220.67946840820312,0.5871528625488281
seas.dd 10,220.83408764648436,0.5873606562614441
seas.dd 10,220.98870688476563,0.5875684499740601
seas.dd 10,221.14332612304688,0.5877769351005554
seas.dd 10,221.29794536132812,0.5879854202270508
seas.dd 10,221.4525645996094,0.5881945818662644
seas.dd 10,221.60718383789063,0.5884037435054779
seas.dd 10,221.76180307617187,0.5886136144399643
seas.dd 10,221.91642231445314,0.5888234853744507
seas.dd 10,222.07104155273439,0.5890340268611908
seas.dd 10,222.22566079101563,0.5892445683479309
seas.dd 10,222.38028002929687,0.5894558101892471
seas.dd 10,222.53489926757814,0.5896670520305634
seas.dd 10,222.68951850585938,0.58987897336483
seas.dd 10,222.84413774414062,0.5900908946990967
seas.dd 10,222.99875698242187,0.5903035163879394
seas.dd 10,223.15337622070314,0.5905161380767823
seas.dd 10,223.30799545898438,0.5907294362783432
seas.dd 10,223.46261469726562,0.5909427344799042
seas.dd 10,223.6172339355469,0.5911567240953446
seas.dd 10,223.77185317382813,0.5913707137107849
seas.dd 10,223.92647241210938,0.5915853917598725
seas.dd 10,224.08109165039065,0.5918000698089599
seas.dd 10,224.2357108886719,0.5920154452323914
seas.dd 10,224.39033012695313,0.5922308206558228
seas.dd 10,224.54494936523437,0.5924468785524368
seas.dd 10,224.69956860351562,0.5926629364490509
seas.dd 10,224.8541878417969,0.5928796738386154
seas.dd 10,225.00880708007813,0.5930964112281799
seas.dd 10,225.16342631835937,0.5933138430118561
seas.dd 10,225.31804555664064,0.5935312747955322
seas.dd 10,225.47266479492188,0.59374940097332
seas.dd 10,225.62728403320313,0.5939675271511078
seas.dd 10,225.7819032714844,0.5941863358020782
seas.dd 10,225.93652250976564,0.5944051444530487
seas.dd 10,226.09114174804688,0.5946246415376664
seas.dd 10,226.24576098632812,0.5948441386222839
seas.dd 10,226.40038022460936,0.5950643211603165
seas.dd 10,226.55499946289063,0.595284503698349
seas.dd 10,226.70961870117188,0.5955053836107254
seas.dd 10,226.86423793945312,0.5957262635231018
seas.dd 10,227.0188571777344,0.5959478139877319
seas.dd 10,227.17347641601563,0.596169364452362
seas.dd 10,227.32809565429687,0.5963916122913361
seas.dd 10,227.48271489257814,0.59661386013031
seas.dd 10,227.6373341308594,0.5968367964029312
seas.dd 10,227.79195336914063,0.5970597326755523
seas.dd 10,227.94657260742187,0.5972833603620529
seas.dd 10,228.10119184570314,0.5975069880485535
seas.dd 10,228.25581108398438,0.5977313041687011
seas.dd 10,228.41043032226563,0.5979556202888489
seas.dd 10,228.56504956054687,0.5981806010007858
seas.dd 10,228.71966879882814,0.5984055817127227
seas.dd 10,228.87428803710938,0.5986312687397003
seas.dd 10,229.02890727539062,0.5988569557666779
seas.dd 10,229.1835265136719,0.5990833312273025
seas.dd 10,229.33814575195314,0.5993097066879273
seas.dd 10,229.49276499023438,0.5995367646217347
seas.dd 10,229.64738422851565,0.599763822555542
seas.dd 10,229.80200346679686,0.5999915689229965
seas.dd 10,229.95662270507813,0.600219315290451
seas.dd 10,230.11124194335937,0.6004477322101593
seas.dd 10,230.26586118164062,0.6006761491298676
seas.dd 10,230.4204804199219,0.6009052783250809
seas.dd 10,230.57509965820313,0.6011344075202942
seas.dd 10,230.72971889648437,0.6013642013072967
seas.dd 10,230.88433813476564,0.6015939950942993
seas.dd 10,231.03895737304688,0.6018244802951813
seas.dd 10,231.19357661132813,0.6020549654960632
seas.dd 10,231.34819584960937,0.6022861421108245
seas.dd 10,231.5028150878906,0.6025173187255859
seas.dd 10,231.65743432617188,0.6027491807937622
seas.dd 10,231.81205356445312,0.6029810428619384
seas.dd 10,231.96667280273437,0.603213581442833
seas.dd 10,232.12129204101564,0.6034461200237274
seas.dd 10,232.27591127929688,0.6036793440580368
seas.dd 10,232.43053051757812,0.6039125680923462
seas.dd 10,232.5851497558594,0.6041464924812316
seas.dd 10,232.73976899414063,0.6043804168701172
seas.dd 10,232.89438823242187,0.6046150118112564
seas.dd 10,233.04900747070315,0.6048496067523956
seas.dd 10,233.2036267089844,0.6050848841667176
seas.dd 10,233.35824594726563,0.6053201615810394
seas.dd 10,233.51286518554687,0.6055561184883118
seas.dd 10,233.6674844238281,0.6057920753955841
seas.dd 10,233.82210366210938,0.6060287356376648
seas.dd 10,233.97672290039063,0.6062653958797455
seas.dd 10,234.13134213867187,0.6065027177333832
seas.dd 10,234.28596137695314,0.6067400395870208
seas.dd 10,234.44058061523438,0.6069780588150024
seas.dd 10,234.59519985351562,0.607216078042984
seas.dd 10,234.7498190917969,0.6074547678232193
seas.dd 10,234.90443833007814,0.6076934576034546
seas.dd 10,235.05905756835938,0.6079328447580338
seas.dd 10,235.21367680664062,0.6081722319126129
seas.dd 10,235.36829604492186,0.6084122955799103
seas.dd 10,235.52291528320313,0.6086523592472076
seas.dd 10,235.67753452148438,0.608893096446991
seas.dd 10,235.83215375976562,0.6091338336467743
seas.dd 10,235.9867729980469,0.6093752592802048
seas.dd 10,236.14139223632813,0.6096166849136353
seas.dd 10,236.29601147460937,0.6098587960004807
seas.dd 10,236.45063071289064,0.610100907087326
seas.dd 10,236.60524995117188,0.6103436917066574
seas.dd 10,236.75986918945313,0.6105864763259887
seas.dd 10,236.91448842773437,0.6108299434185028
seas.dd 10,237.0691076660156,0.6110734105110168
seas.dd 10,237.22372690429688,0.6113175541162491
seas.dd 10,237.37834614257812,0.6115616977214813
seas.dd 10,237.53296538085937,0.6118065357208252
seas.dd 10,237.68758461914064,0.612051373720169
seas.dd 10,237.84220385742188,0.61229687333107
seas.dd 10,237.99682309570312,0.6125423729419708
seas.dd 10,238.1514423339844,0.6127885609865189
seas.dd 10,238.30606157226563,0.6130347490310669
seas.dd 10,238.46068081054688,0.6132816076278687
seas.dd 10,238.61530004882815,0.6135284662246704
seas.dd 10,238.7699192871094,0.6137760221958161
seas.dd 10,238.92453852539063,0.6140235781669616
seas.dd 10,239.07915776367187,0.6142717927694321
seas.dd 10,239.23377700195311,0.6145200073719025
seas.dd 10,239.38839624023439,0.6147689044475555
seas.dd 10,239.54301547851563,0.6150178015232086
seas.dd 10,239.69763471679687,0.6152673691511155
seas.dd 10,239.85225395507814,0.6155169367790222
seas.dd 10,240.00687319335938,0.6157672017812729
seas.dd 10,240.16149243164062,0.6160174667835235
seas.dd 10,240.3161116699219,0.616268390417099
seas.dd 10,240.4707309082031,0.6165193140506744
seas.dd 10,240.62535014648438,0.6167709082365036
seas.dd 10,240.77996938476562,0.6170225024223328
seas.dd 10,240.93458862304686,0.6172747820615768
seas.dd 10,241.08920786132813,0.617527061700821
seas.dd 10,241.24382709960938,0.6177800297737122
seas.dd 10,241.39844633789062,0.6180329978466034
seas.dd 10,241.5530655761719,0.6182866185903549
seas.dd 10,241.70768481445313,0.6185402393341064
seas.dd 10,241.86230405273437,0.618794533610344
seas.dd 10,242.01692329101562,0.6190488278865814
seas.dd 10,242.1715425292969,0.6193038046360015
seas.dd 10,242.32616176757813,0.6195587813854218
seas.dd 10,242.48078100585937,0.6198144376277923
seas.dd 10,242.63540024414064,0.620070093870163
seas.dd 10,242.79001948242188,0.6203264147043228
seas.dd 10,242.94463872070313,0.6205827355384826
seas.dd 10,243.09925795898437,0.6208397179841996
seas.dd 10,243.25387719726564,0.6210967004299164
seas.dd 10,243.40849643554688,0.6213543683290481
seas.dd 10,243.56311567382812,0.62161203622818
seas.dd 10,243.7177349121094,0.6218703776597977
seas.dd 10,243.87235415039063,0.6221287190914154
seas.dd 10,244.02697338867188,0.6223877161741257
seas.dd 10,244.18159262695315,0.622646713256836
seas.dd 10,244.33621186523436,0.6229063808918
seas.dd 10,244.49083110351563,0.6231660485267639
seas.dd 10,244.64545034179687,0.6234263926744461
seas.dd 10,244.80006958007812,0.6236867368221283
seas.dd 10,244.9546888183594,0.6239477545022964
seas.dd 10,245.10930805664063,0.6242087721824646
seas.dd 10,245.26392729492187,0.6244704514741898
seas.dd 10,245.41854653320314,0.6247321307659149
seas.dd 10,245.57316577148438,0.6249944716691971
seas.dd 10,245.72778500976563,0.6252568125724792
seas.dd 10,245.88240424804687,0.6255198270082474
seas.dd 10,246.0370234863281,0.6257828414440155
seas.dd 10,246.19164272460938,0.6260465234518051
seas.dd 10,246.34626196289062,0.6263102054595947
seas.dd 10,246.50088120117186,0.6265745550394058
seas.dd 10,246.65550043945314,0.6268389046192169
seas.dd 10,246.81011967773438,0.6271039009094238
seas.dd 10,246.96473891601562,0.6273688971996307
seas.dd 10,247.1193581542969,0.6276345640420914
seas.dd 10,247.27397739257813,0.627900230884552
seas.dd 10,247.42859663085937,0.6281665802001953
seas.dd 10,247.58321586914064,0.6284329295158386
seas.dd 10,247.73783510742186,0.6286999225616455
seas.dd 10,247.89245434570313,0.6289669156074524
seas.dd 10,248.04707358398437,0.629234567284584
seas.dd 10,248.2016928222656,0.6295022189617157
seas.dd 10,248.35631206054688,0.6297705411911011
seas.dd 10,248.51093129882813,0.6300388634204864
seas.dd 10,248.66555053710937,0.6303078532218933
seas.dd 10,248.82016977539064,0.6305768430233002
seas.dd 10,248.97478901367188,0.6308464795351029
seas.dd 10,249.12940825195312,0.6311161160469055
seas.dd 10,249.2840274902344,0.6313864141702652
seas.dd 10,249.4386467285156,0.6316567122936249
seas.dd 10,249.59326596679688,0.6319276720285416
seas.dd 10,249.74788520507812,0.6321986317634583
seas.dd 10,249.9025044433594,0.632470253109932
seas.dd 10,250.05712368164063,0.6327418744564056
seas.dd 10,250.21174291992187,0.6330141425132751
seas.dd 10,250.36636215820312,0.6332864105701447
seas.dd 10,250.5209813964844,0.6335593372583389
seas.dd 10,250.67560063476563,0.6338322639465332
seas.dd 10,250.83021987304687,0.63410584628582
seas.dd 10,250.98483911132814,0.6343794286251068
seas.dd 10,251.13945834960938,0.6346536755561829
seas.dd 10,251.29407758789063,0.6349279224872589
seas.dd 10,251.4486968261719,0.6352028012275696
seas.dd 10,251.6033160644531,0.6354776799678803
seas.dd 10,251.75793530273438,0.6357532232999802
seas.dd 10,251.91255454101562,0.6360287666320801
seas.dd 10,252.06717377929687,0.636304959654808
seas.dd 10,252.22179301757814,0.636581152677536
seas.dd 10,252.37641225585938,0.6368580132722854
seas.dd 10,252.53103149414062,0.6371348738670349
seas.dd 10,252.6856507324219,0.6374123603105545
seas.dd 10,252.8402699707031,0.6376898467540741
seas.dd 10,252.99488920898438,0.6379679918289185
seas.dd 10,253.14950844726565,0.6382461369037629
seas.dd 10,253.30412768554686,0.638524928689003
seas.dd 10,253.45874692382813,0.6388037204742432
seas.dd 10,253.61336616210937,0.6390831649303437
seas.dd 10,253.76798540039061,0.6393626093864441
seas.dd 10,253.92260463867188,0.6396426975727081
seas.dd 10,254.07722387695313,0.6399227857589722
seas.dd 10,254.23184311523437,0.6402035146951676
seas.dd 10,254.38646235351564,0.6404842436313629
seas.dd 10,254.54108159179685,0.6407656133174896
seas.dd 10,254.69570083007812,0.6410469830036163
seas.dd 10,254.85032006835937,0.6413290172815322
seas.dd 10,255.00493930664064,0.6416110515594482
seas.dd 10,255.15955854492188,0.6418937087059021
seas.dd 10,255.31417778320312,0.6421763658523559
seas.dd 10,255.46879702148436,0.6424596697092056
seas.dd 10,255.62341625976563,0.6427429735660553
seas.dd 10,255.77803549804688,0.6430269092321396
seas.dd 10,255.93265473632812,0.6433108448982239
seas.dd 10,256.0872739746094,0.6435954332351684
seas.dd 10,256.24189321289066,0.643880021572113
seas.dd 10,256.3965124511719,0.6441652327775955
seas.dd 10,256.55113168945314,0.644450443983078
seas.dd 10,256.70575092773436,0.6447363376617432
seas.dd 10,256.8603701660156,0.6450222313404084
seas.dd 10,257.0149894042969,0.645308718085289
seas.dd 10,257.1696086425781,0.6455952048301696
seas.dd 10,257.3242278808594,0.6458823323249817
seas.dd 10,257.4788471191406,0.6461694598197937
seas.dd 10,257.63346635742187,0.6464572221040725
seas.dd 10,257.78808559570314,0.6467449843883515
seas.dd 10,257.94270483398435,0.6470333755016326
seas.dd 10,258.0973240722656,0.6473217666149139
seas.dd 10,258.2519433105469,0.6476107954978942
seas.dd 10,258.4065625488281,0.6478998243808747
seas.dd 10,258.5611817871094,0.6481894850730896
seas.dd 10,258.71580102539065,0.6484791457653045
seas.dd 10,258.87042026367186,0.6487694382667542
seas.dd 10,259.02503950195313,0.6490597307682038
seas.dd 10,259.17965874023434,0.6493506699800491
seas.dd 10,259.3342779785156,0.6496416091918945
seas.dd 10,259.4888972167969,0.6499331563711166
seas.dd 10,259.64351645507816,0.6502247035503388
seas.dd 10,259.79813569335937,0.6505168735980987
seas.dd 10,259.9527549316406,0.6508090436458588
seas.dd 10,260.10737416992185,0.6511018335819244
seas.dd 10,260.2619934082031,0.6513946235179902
seas.dd 10,260.4166126464844,0.6516880363225936
seas.dd 10,260.5712318847656,0.6519814491271972
seas.dd 10,260.7258511230469,0.6522754937410354
seas.dd 10,260.8804703613281,0.6525695383548736
seas.dd 10,261.03508959960936,0.6528641998767852
seas.dd 10,261.18970883789063,0.6531588613986969
seas.dd 10,261.3443280761719,0.6534541785717011
seas.dd 10,261.4989473144531,0.6537494957447052
seas.dd 10,261.6535665527344,0.6540453940629959
seas.dd 10,261.8081857910156,0.6543412923812866
seas.dd 10,261.9628050292969,0.6546378046274185
seas.dd 10,262.11742426757814,0.6549343168735504
seas.dd 10,262.27204350585936,0.6552314519882202
seas.dd 10,262.42666274414063,0.65552858710289
seas.dd 10,262.58128198242184,0.6558263391256333
seas.dd 10,262.7359012207031,0.6561240911483764
seas.dd 10,262.8905204589844,0.6564224481582641
seas.dd 10,263.04513969726565,0.6567208051681519
seas.dd 10,263.19975893554687,0.6570197850465774
seas.dd 10,263.35437817382814,0.6573187649250031
seas.dd 10,263.50899741210935,0.6576183468103409
seas.dd 10,263.6636166503906,0.6579179286956787
seas.dd 10,263.8182358886719,0.6582181513309479
seas.dd 10,263.9728551269531,0.658518373966217
seas.dd 10,264.1274743652344,0.6588191777467728
seas.dd 10,264.28209360351565,0.6591199815273285
seas.dd 10,264.43671284179686,0.659421393275261
seas.dd 10,264.59133208007813,0.6597228050231934
seas.dd 10,264.7459513183594,0.6600248128175735
seas.dd 10,264.9005705566406,0.6603268206119537
seas.dd 10,265.0551897949219,0.6606294393539429
seas.dd 10,265.2098090332031,0.660932058095932
seas.dd 10,265.36442827148437,0.6612352728843689
seas.dd 10,265.51904750976564,0.6615384876728058
seas.dd 10,265.67366674804686,0.6618423134088516
seas.dd 10,265.8282859863281,0.6621461391448975
seas.dd 10,265.98290522460934,0.6624505549669266
seas.dd 10,266.1375244628906,0.6627549707889557
seas.dd 10,266.2921437011719,0.6630600154399872
seas.dd 10,266.44676293945315,0.6633650600910187
seas.dd 10,266.60138217773437,0.6636706709861755
seas.dd 10,266.75600141601564,0.6639762818813324
seas.dd 10,266.91062065429685,0.6642824977636337
seas.dd 10,267.0652398925781,0.6645887136459351
seas.dd 10,267.2198591308594,0.6648955076932908
seas.dd 10,267.37447836914066,0.6652023017406463
seas.dd 10,267.5290976074219,0.665509694814682
seas.dd 10,267.6837168457031,0.6658170878887176
seas.dd 10,267.83833608398436,0.6661266356706619
seas.dd 10,267.99295532226563,0.6664361834526062
seas.dd 10,268.1475745605469,0.6667594492435456
seas.dd 10,268.3021937988281,0.6670827150344849
seas.dd 10,268.4568130371094,0.6674097418785095
seas.dd 10,268.6114322753906,0.6677367687225342
seas.dd 10,268.76605151367187,0.6680733323097229
seas.dd 10,268.92067075195314,0.6684098958969116
seas.dd 10,269.0752899902344,0.6690037906169892
seas.dd 10,269.2299092285156,0.6695976853370667
seas.dd 10,269.3845284667969,0.6704106569290162
seas.dd 10,269.5391477050781,0.6712236285209656
seas.dd 10,269.6937669433594,0.672186553478241
seas.dd 10,269.84838618164065,0.6731494784355163
seas.dd 10,270.00300541992186,0.6741507321596145
seas.dd 10,270.15762465820313,0.6751519858837127
seas.dd 10,270.31224389648435,0.6761555194854736
seas.dd 10,270.4668631347656,0.6771590530872345
seas.dd 10,270.6214823730469,0.6781625449657441
seas.dd 10,270.7761016113281,0.6791660368442536
seas.dd 10,270.9307208496094,0.6801694422960282
seas.dd 10,271.08534008789064,0.6811728477478027
seas.dd 10,271.23995932617186,0.6821782112121582
seas.dd 10,271.3945785644531,0.6831835746765137
seas.dd 10,271.5491978027344,0.6841894865036011
seas.dd 10,271.7038170410156,0.6851953983306884
seas.dd 10,271.8584362792969,0.6862011253833772
seas.dd 10,272.0130555175781,0.6872068524360657
seas.dd 10,272.16767475585937,0.6882123351097107
seas.dd 10,272.32229399414064,0.6892178177833557
seas.dd 10,272.4769132324219,0.6902230292558671
seas.dd 10,272.6315324707031,0.6912282407283783
seas.dd 10,272.78615170898433,0.6922331541776656
seas.dd 10,272.9407709472656,0.6932380676269532
seas.dd 10,273.0953901855469,0.6942426234483718
seas.dd 10,273.25000942382815,0.6952471792697906
seas.dd 10,273.40462866210936,0.696251356601715
seas.dd 10,273.55924790039063,0.6972555339336395
seas.dd 10,273.71386713867184,0.6982593834400176
seas.dd 10,273.8684863769531,0.6992632329463959
seas.dd 10,274.0231056152344,0.7002665311098099
seas.dd 10,274.17772485351566,0.7012698292732239
seas.dd 10,274.33234409179687,0.7022726148366927
seas.dd 10,274.48696333007814,0.7032754004001618
seas.dd 10,274.64158256835935,0.7042776525020599
seas.dd 10,274.7962018066406,0.7052799046039582
seas.dd 10,274.9508210449219,0.7062815815210344
seas.dd 10,275.1054402832031,0.7072832584381104
seas.dd 10,275.2600595214844,0.7082843184471131
seas.dd 10,275.4146787597656,0.7092853784561157
seas.dd 10,275.56929799804686,0.7102857828140259
seas.dd 10,275.72391723632813,0.711286187171936
seas.dd 10,275.87853647460935,0.7122858852148055
seas.dd 10,276.0331557128906,0.7132855832576752
seas.dd 10,276.1877749511719,0.7142846524715425
seas.dd 10,276.3423941894531,0.7152837216854095
seas.dd 10,276.4970134277344,0.7162819117307663
seas.dd 10,276.65163266601564,0.717280101776123
seas.dd 10,276.80625190429686,0.7182774722576141
seas.dd 10,276.9608711425781,0.7192748427391052
seas.dd 10,277.1154903808594,0.7202713578939439
seas.dd 10,277.2701096191406,0.7212678730487824
seas.dd 10,277.4247288574219,0.7222634941339493
seas.dd 10,277.57934809570315,0.7232591152191162
seas.dd 10,277.73396733398437,0.7242537885904311
seas.dd 10,277.88858657226564,0.7252484619617462
seas.dd 10,278.04320581054685,0.726242160797119
seas.dd 10,278.1978250488281,0.727235859632492
seas.dd 10,278.3524442871094,0.7282285302877427
seas.dd 10,278.5070635253906,0.7292212009429931
seas.dd 10,278.6616827636719,0.7302129030227662
seas.dd 10,278.8163020019531,0.731204605102539
seas.dd 10,278.97092124023436,0.7321951061487197
seas.dd 10,279.12554047851563,0.7331856071949006
seas.dd 10,279.2801597167969,0.7341749638319016
seas.dd 10,279.4347789550781,0.7351643204689026
seas.dd 10,279.5893981933594,0.7361524850130082
seas.dd 10,279.7440174316406,0.7371406495571137
seas.dd 10,279.89863666992187,0.7381275743246078
seas.dd 10,280.05325590820314,0.739114499092102
seas.dd 10,280.2078751464844,0.7401001602411271
seas.dd 10,280.3624943847656,0.741085821390152
seas.dd 10,280.51711362304684,0.7420701593160628
seas.dd 10,280.6717328613281,0.7430544972419739
seas.dd 10,280.8263520996094,0.7440374702215194
seas.dd 10,280.98097133789065,0.7450204432010651
seas.dd 10,281.13559057617186,0.7460021197795867
seas.dd 10,281.29020981445314,0.7469837963581085
seas.dd 10,281.44482905273435,0.7479639202356337
seas.dd 10,281.5994482910156,0.7489440441131592
seas.dd 10,281.7540675292969,0.7499226808547974
seas.dd 10,281.9086867675781,0.7509013175964355
seas.dd 10,282.0633060058594,0.7518784254789352
seas.dd 10,282.21792524414064,0.752855533361435
seas.dd 10,282.37254448242186,0.7538310647010802
seas.dd 10,282.52716372070313,0.7548065960407258
seas.dd 10,282.6817829589844,0.7557804971933366
seas.dd 10,282.8364021972656,0.7567543983459473
seas.dd 10,282.9910214355469,0.7577266514301301
seas.dd 10,283.1456406738281,0.7586989045143128
seas.dd 10,283.30025991210937,0.7596694439649582
seas.dd 10,283.45487915039064,0.7606399834156037
seas.dd 10,283.60949838867185,0.7616088688373565
seas.dd 10,283.7641176269531,0.7625777542591095
seas.dd 10,283.91873686523434,0.763544738292694
seas.dd 10,284.0733561035156,0.7645117223262787
seas.dd 10,284.2279753417969,0.7654768794775009
seas.dd 10,284.38259458007815,0.7664420366287231
seas.dd 10,284.53721381835936,0.7674053013324736
seas.dd 10,284.69183305664063,0.7683685660362244
seas.dd 10,284.84645229492185,0.7693299114704131
seas.dd 10,285.0010715332031,0.7702912569046021
seas.dd 10,285.1556907714844,0.7712506294250489
seas.dd 10,285.31031000976566,0.7722100019454956
seas.dd 10,285.4649292480469,0.7731673568487166
seas.dd 10,285.61954848632814,0.7741247117519379
seas.dd 10,285.77416772460936,0.7750799983739852
seas.dd 10,285.9287869628906,0.7760352849960327
seas.dd 10,286.0834062011719,0.7769885689020157
seas.dd 10,286.2380254394531,0.7779418528079987
seas.dd 10,286.3926446777344,0.7788928925991059
seas.dd 10,286.5472639160156,0.779843932390213
seas.dd 10,286.70188315429687,0.780792772769928
seas.dd 10,286.85650239257814,0.781741613149643
seas.dd 10,287.01112163085935,0.7826882213354109
seas.dd 10,287.1657408691406,0.7836348295211792
seas.dd 10,287.3203601074219,0.7845791518688203
seas.dd 10,287.4749793457031,0.7855234742164612
seas.dd 10,287.6295985839844,0.7864654630422592
seas.dd 10,287.78421782226565,0.7874074518680573
seas.dd 10,287.93883706054686,0.7883470743894576
seas.dd 10,288.09345629882813,0.7892866969108582
seas.dd 10,288.24807553710934,0.7902240008115767
seas.dd 10,288.4026947753906,0.7911613047122955
seas.dd 10,288.5573140136719,0.7920960426330567
seas.dd 10,288.71193325195316,0.7930307805538177
seas.dd 10,288.86655249023437,0.7939630180597306
seas.dd 10,289.0211717285156,0.7948952555656433
seas.dd 10,289.17579096679685,0.7958249390125275
seas.dd 10,289.3304102050781,0.7967546224594116
seas.dd 10,289.4850294433594,0.7976817160844804
seas.dd 10,289.6396486816406,0.798608809709549
seas.dd 10,289.7942679199219,0.7995332598686219
seas.dd 10,289.9488871582031,0.8004577100276947
seas.dd 10,290.10350639648436,0.8013794690370559
seas.dd 10,290.25812563476563,0.8023012280464172
seas.dd 10,290.4127448730469,0.8032202690839769
seas.dd 10,290.5673641113281,0.8041393101215363
seas.dd 10,290.7219833496094,0.8050556629896166
seas.dd 10,290.8766025878906,0.8059720158576965
seas.dd 10,291.0312218261719,0.8068854659795761
seas.dd 10,291.18584106445314,0.8077989161014557
seas.dd 10,291.34046030273436,0.8087094962596891
seas.dd 10,291.4950795410156,0.809620076417923
seas.dd 10,291.64969877929684,0.8105277568101881
seas.dd 10,291.8043180175781,0.8114354372024536
seas.dd 10,291.9589372558594,0.8123401641845704
seas.dd 10,292.1135564941406,0.813244891166687
seas.dd 10,292.26817573242187,0.814146625995636
seas.dd 10,292.42279497070314,0.815048360824585
seas.dd 10,292.57741420898435,0.8159470587968825
seas.dd 10,292.7320334472656,0.8168457567691803
seas.dd 10,292.8866526855469,0.8177413761615755
seas.dd 10,293.0412719238281,0.8186369955539703
seas.dd 10,293.1958911621094,0.8195295721292497
seas.dd 10,293.3505104003906,0.8204221487045288
seas.dd 10,293.50512963867186,0.8213114708662033
seas.dd 10,293.65974887695313,0.8222007930278779
seas.dd 10,293.8143681152344,0.8230869024991991
seas.dd 10,293.9689873535156,0.82397301197052
seas.dd 10,294.12360659179683,0.8248558640480039
seas.dd 10,294.2782258300781,0.8257387161254883
seas.dd 10,294.43284506835937,0.8266182839870453
seas.dd 10,294.58746430664064,0.8274978518486023
seas.dd 10,294.74208354492185,0.8283740669488905
seas.dd 10,294.8967027832031,0.829250282049179
seas.dd 10,295.05132202148434,0.830123123526573
seas.dd 10,295.2059412597656,0.8309959650039673
seas.dd 10,295.3605604980469,0.8318653702735901
seas.dd 10,295.51517973632815,0.8327347755432128
seas.dd 10,295.66979897460936,0.833600804209709
seas.dd 10,295.82441821289063,0.8344668328762055
seas.dd 10,295.97903745117185,0.8353292673826216
seas.dd 10,296.1336566894531,0.8361917018890381
seas.dd 10,296.2882759277344,0.837050583958626
seas.dd 10,296.4428951660156,0.8379094660282135
seas.dd 10,296.5975144042969,0.8387647569179537
seas.dd 10,296.7521336425781,0.8396200478076935
seas.dd 10,296.90675288085936,0.8404716998338699
seas.dd 10,297.06137211914063,0.8413233518600464
seas.dd 10,297.21599135742184,0.842171338200569
seas.dd 10,297.3706105957031,0.843019324541092
seas.dd 10,297.5252298339844,0.8438635945320131
seas.dd 10,297.6798490722656,0.844707864522934
seas.dd 10,297.83446831054687,0.8455483675003052
seas.dd 10,297.98908754882814,0.8463888704776764
seas.dd 10,298.14370678710935,0.8472256660461424
seas.dd 10,298.2983260253906,0.8480624616146087
seas.dd 10,298.4529452636719,0.8488953471183779
seas.dd 10,298.6075645019531,0.8497282326221466
seas.dd 10,298.7621837402344,0.8505572259426117
seas.dd 10,298.91680297851565,0.8513862192630768
seas.dd 10,299.07142221679686,0.8522113025188445
seas.dd 10,299.22604145507813,0.8530363857746124
seas.dd 10,299.38066069335935,0.8538575202226637
seas.dd 10,299.5352799316406,0.8546786546707154
seas.dd 10,299.6898991699219,0.8554957956075671
seas.dd 10,299.8445184082031,0.8563129365444183
seas.dd 10,299.99913764648437,0.8571260362863542
seas.dd 10,300.1537568847656,0.8579391360282898
seas.dd 10,300.30837612304686,0.8587481677532196
seas.dd 10,300.4629953613281,0.8595571994781495
seas.dd 10,300.6176145996094,0.8603622078895571
seas.dd 10,300.7722338378906,0.8611672163009644
seas.dd 10,300.9268530761719,0.8619680076837541
seas.dd 10,301.0814723144531,0.8627687990665436
seas.dd 10,301.23609155273436,0.8635654032230378
seas.dd 10,301.39071079101564,0.8643620073795318
seas.dd 10,301.5453300292969,0.8651543915271761
seas.dd 10,301.6999492675781,0.8659467756748199
seas.dd 10,301.85456850585933,0.8667349100112913
seas.dd 10,302.0091877441406,0.8675230443477631
seas.dd 10,302.1638069824219,0.868306890130043
seas.dd 10,302.31842622070315,0.869090735912323
seas.dd 10,302.47304545898436,0.8698702514171599
seas.dd 10,302.62766469726563,0.870649766921997
seas.dd 10,302.78228393554684,0.8714249253273009
seas.dd 10,302.9369031738281,0.8722000837326049
seas.dd 10,303.0915224121094,0.8729709237813952
seas.dd 10,303.2461416503906,0.873741763830185
seas.dd 10,303.40076088867187,0.8745081007480622
seas.dd 10,303.55538012695314,0.8752744376659394
seas.dd 10,303.70999936523435,0.8760363131761549
seas.dd 10,303.8646186035156,0.8767981886863708
seas.dd 10,304.0192378417969,0.8775555789470675
seas.dd 10,304.1738570800781,0.8783129692077637
seas.dd 10,304.3284763183594,0.8790658175945284
seas.dd 10,304.4830955566406,0.8798186659812928
seas.dd 10,304.63771479492186,0.8805669695138931
seas.dd 10,304.79233403320313,0.8813152730464935
seas.dd 10,304.94695327148435,0.8820589721202848
seas.dd 10,305.1015725097656,0.8828026711940765
seas.dd 10,305.25619174804683,0.88354175388813
seas.dd 10,305.4108109863281,0.8842808365821838
seas.dd 10,305.5654302246094,0.8850153416395188
seas.dd 10,305.72004946289064,0.8857498466968536
seas.dd 10,305.87466870117186,0.8864795923233031
seas.dd 10,306.0292879394531,0.8872093379497528
seas.dd 10,306.18390717773434,0.8879343688488005
seas.dd 10,306.3385264160156,0.8886593997478485
seas.dd 10,306.4931456542969,0.8893797039985657
seas.dd 10,306.64776489257815,0.8901000082492828
seas.dd 10,306.80238413085937,0.890815535187721
seas.dd 10,306.95700336914064,0.8915310621261596
seas.dd 10,307.11162260742185,0.8922417879104613
seas.dd 10,307.2662418457031,0.8929525136947631
seas.dd 10,307.4208610839844,0.893658420443535
seas.dd 10,307.5754803222656,0.8943643271923065
seas.dd 10,307.7300995605469,0.8950653761625291
seas.dd 10,307.8847187988281,0.8957664251327515
seas.dd 10,308.03933803710936,0.8964626759290695
seas.dd 10,308.19395727539063,0.8971589267253876
seas.dd 10,308.3485765136719,0.8978501975536348
seas.dd 10,308.5031957519531,0.8985414683818818
seas.dd 10,308.6578149902344,0.8992278128862383
seas.dd 10,308.8124342285156,0.8999141573905944
seas.dd 10,308.96705346679687,0.9005955517292022
seas.dd 10,309.12167270507814,0.9012769460678101
seas.dd 10,309.27629194335935,0.9019533693790434
seas.dd 10,309.4309111816406,0.9026297926902771
seas.dd 10,309.58553041992184,0.9033012092113493
seas.dd 10,309.7401496582031,0.9039726257324219
seas.dd 10,309.8947688964844,0.9046390295028687
seas.dd 10,310.04938813476565,0.9053054332733155
seas.dd 10,310.20400737304686,0.9059667855501173
seas.dd 10,310.35862661132813,0.9066281378269195
seas.dd 10,310.51324584960935,0.9072845011949537
seas.dd 10,310.6678650878906,0.9079408645629883
seas.dd 10,310.8224843261719,0.9085920751094818
seas.dd 10,310.97710356445316,0.9092432856559753
seas.dd 10,311.1317228027344,0.9098893880844117
seas.dd 10,311.2863420410156,0.9105354905128479
seas.dd 10,311.44096127929686,0.911176472902298
seas.dd 10,311.5955805175781,0.9118174552917481
seas.dd 10,311.7501997558594,0.9124532967805864
seas.dd 10,311.9048189941406,0.9130891382694244
seas.dd 10,312.0594382324219,0.9137198239564898
seas.dd 10,312.2140574707031,0.9143505096435547
seas.dd 10,312.36867670898437,0.9149760156869888
seas.dd 10,312.52329594726564,0.915601521730423
seas.dd 10,312.67791518554685,0.9162218302488325
seas.dd 10,312.8325344238281,0.9168421387672424
seas.dd 10,312.98715366210934,0.9174573034048079
seas.dd 10,313.1417729003906,0.9180724680423736
seas.dd 10,313.2963921386719,0.9186823487281799
seas.dd 10,313.45101137695315,0.9192922294139863
seas.dd 10,313.60563061523436,0.919896873831749
seas.dd 10,313.7602498535156,0.9205015182495118
seas.dd 10,313.91486909179685,0.921100914478302
seas.dd 10,314.0694883300781,0.9217003107070922
seas.dd 10,314.2241075683594,0.9222944408655168
seas.dd 10,314.3787268066406,0.9228885710239411
seas.dd 10,314.53334604492187,0.9234774291515352
seas.dd 10,314.6879652832031,0.924066287279129
seas.dd 10,314.84258452148435,0.9246498495340347
seas.dd 10,314.9972037597656,0.9252334117889405
seas.dd 10,315.1518229980469,0.925811693072319
seas.dd 10,315.30644223632817,0.9263899743556976
seas.dd 10,315.4610614746094,0.9269629925489425
seas.dd 10,315.6156807128906,0.9275360107421875
seas.dd 10,315.77029995117186,0.9281036704778671
seas.dd 10,315.92491918945314,0.9286713302135468
seas.dd 10,316.0795384277344,0.9292336523532869
seas.dd 10,316.2341576660156,0.9297959744930268
seas.dd 10,316.38877690429683,0.9303529739379881
seas.dd 10,316.5433961425781,0.9309099733829498
seas.dd 10,316.6980153808594,0.9314616352319718
seas.dd 10,316.85263461914064,0.9320132970809937
seas.dd 10,317.0072538574219,0.9325596123933794
seas.dd 10,317.16187309570313,0.9331059277057647
seas.dd 10,317.31649233398434,0.9336468935012816
seas.dd 10,317.4711115722656,0.9341878592967987
seas.dd 10,317.6257308105469,0.9347235321998596
seas.dd 10,317.78035004882815,0.9352592051029205
seas.dd 10,317.93496928710937,0.9357894599437714
seas.dd 10,318.0895885253906,0.9363197147846222
seas.dd 10,318.24420776367185,0.9368446171283722
seas.dd 10,318.3988270019531,0.9373695194721222
seas.dd 10,318.5534462402344,0.9378639310598376
seas.dd 10,318.7080654785156,0.9383583426475525
seas.dd 10,318.8626847167968,0.9388438373804091
seas.dd 10,319.0173039550781,0.939329332113266
seas.dd 10,319.17192319335936,0.9398101061582566
seas.dd 10,319.32654243164063,0.940290880203247
seas.dd 10,319.4811616699219,0.940766939520836
seas.dd 10,319.6357809082031,0.9412429988384247
seas.dd 10,319.79040014648433,0.9416997253894804
seas.dd 10,319.9450193847656,0.9421564519405365
seas.dd 10,320.09963862304687,0.9425885260105134
seas.dd 10,320.25425786132814,0.9430206000804902
seas.dd 10,320.40887709960936,0.9432742297649384
seas.dd 10,320.56349633789057,0.9435278594493866
seas.dd 10,320.71811557617184,0.9435219258069992
seas.dd 10,320.8727348144531,0.9435159921646118
seas.dd 10,321.0273540527344,0.9428544789552689
seas.dd 10,321.18197329101565,0.9421929657459259
seas.dd 10,321.33659252929687,0.941465625166893
seas.dd 10,321.4912117675781,0.9407382845878601
seas.dd 10,321.64583100585935,0.9399646401405335
seas.dd 10,321.8004502441406,0.9391909956932067
seas.dd 10,321.9550694824219,0.9368973016738886
seas.dd 10,322.1096887207031,0.9346036076545715
seas.dd 10,322.2643079589843,0.9318956047296529
seas.dd 10,322.4189271972656,0.9291876018047333
seas.dd 10,322.57354643554686,0.9263049274682998
seas.dd 10,322.72816567382813,0.9234222531318664
seas.dd 10,322.88278491210934,0.920365938544274
seas.dd 10,323.0374041503906,0.9173096239566803
seas.dd 10,323.1920233886719,0.9140814840793604
seas.dd 10,323.3466426269531,0.9108533442020417
seas.dd 10,323.50126186523437,0.9074570626020432
seas.dd 10,323.65588110351564,0.9040607810020447
seas.dd 10,323.81050034179685,0.9005014896392829
seas.dd 10,323.9651195800781,0.8969421982765198
seas.dd 10,324.11973881835934,0.8932263791561134
seas.dd 10,324.2743580566406,0.8895105600357056
seas.dd 10,324.4289772949219,0.8856458276510232
seas.dd 10,324.5835965332031,0.8817810952663422
seas.dd 10,324.73821577148436,0.8804610848426817
seas.dd 10,324.8928350097656,0.8791410744190216
seas.dd 10,325.04745424804685,0.8791410744190216
seas.dd 10,325.2020734863281,0.8791410744190216
seas.dd 10,325.3566927246094,0.8791410744190216
seas.dd 10,325.51131196289066,0.8791410744190216
seas.dd 10,325.6659312011719,0.8791410744190216
seas.dd 10,325.8205504394531,0.8791410744190216
seas.dd 10,325.97516967773436,0.8791410744190216
seas.dd 10,326.1297889160156,0.8791410744190216
seas.dd 10,326.2844081542969,0.8791410744190216
seas.dd 10,326.4390273925781,0.8791410744190216
seas.dd 10,326.5936466308593,0.8791410744190216
seas.dd 10,326.7482658691406,0.8791410744190216
seas.dd 10,326.90288510742187,0.8791410744190216
seas.dd 10,327.05750434570314,0.8791410744190216
seas.dd 10,327.2121235839844,0.8791410744190216
seas.dd 10,327.3667428222656,0.8791410744190216
seas.dd 10,327.52136206054683,0.8791410744190216
seas.dd 10,327.6759812988281,0.8791410744190216
seas.dd 10,327.8306005371094,0.8791410744190216
seas.dd 10,327.98521977539065,0.8791410744190216
seas.dd 10,328.13983901367186,0.8791410744190216
seas.dd 10,328.2944582519531,0.8791410744190216
seas.dd 10,328.44907749023434,0.8791410744190216
seas.dd 10,328.6036967285156,0.8791410744190216
seas.dd 10,328.7583159667969,0.8791410744190216
seas.dd 10,328.9129352050781,0.8791410744190216
seas.dd 10,329.06755444335937,0.8791410744190216
seas.dd 10,329.2221736816406,0.8791410744190216
seas.dd 10,329.37679291992185,0.8791410744190216
seas.dd 10,329.5314121582031,0.8791410744190216
seas.dd 10,329.6860313964844,0.8791410744190216
seas.dd 10,329.8406506347656,0.8791410744190216
seas.dd 10,329.9952698730468,0.8791410744190216
seas.dd 10,330.1498891113281,0.8791410744190216
seas.dd 10,330.30450834960936,0.8791410744190216
seas.dd 10,330.45912758789063,0.8791410744190216
seas.dd 10,330.61374682617185,0.8791410744190216
seas.dd 10,330.76836606445306,0.8791410744190216
seas.dd 10,330.92298530273433,0.8791410744190216
seas.dd 10,331.0776045410156,0.8791410744190216
seas.dd 10,331.2322237792969,0.8791410744190216
seas.dd 10,331.38684301757814,0.8791410744190216
seas.dd 10,331.54146225585936,0.8791410744190216
seas.dd 10,331.6960814941406,0.8791410744190216
seas.dd 10,331.85070073242184,0.8791410744190216
seas.dd 10,332.0053199707031,0.8791410744190216
seas.dd 10,332.1599392089844,0.8791410744190216
seas.dd 10,332.3145584472656,0.8791410744190216
seas.dd 10,332.46917768554687,0.8791410744190216
seas.dd 10,332.6237969238281,0.8791410744190216
seas.dd 10,332.77841616210935,0.8791410744190216
seas.dd 10,332.9330354003906,0.8791410744190216
seas.dd 10,333.0876546386719,0.8791410744190216
seas.dd 10,333.24227387695316,0.8791410744190216
seas.dd 10,333.3968931152344,0.8791410744190216
seas.dd 10,333.5515123535156,0.8791410744190216
seas.dd 10,333.70613159179686,0.8791410744190216
seas.dd 10,333.86075083007813,0.8791410744190216
seas.dd 10,334.0153700683594,0.8791410744190216
seas.dd 10,334.1699893066406,0.8791410744190216
seas.dd 10,334.32460854492183,0.8791410744190216
seas.dd 10,334.4792277832031,0.8791410744190216
seas.dd 10,334.63384702148437,0.8791410744190216
seas.dd 10,334.78846625976564,0.8791410744190216
seas.dd 10,334.94308549804686,0.8791410744190216
seas.dd 10,335.0977047363281,0.8791410744190216
seas.dd 10,335.25232397460934,0.8791410744190216
seas.dd 10,335.4069432128906,0.8791410744190216
seas.dd 10,335.5615624511719,0.8791410744190216
seas.dd 10,335.71618168945315,0.8791410744190216
seas.dd 10,335.87080092773436,0.8791410744190216
seas.dd 10,336.0254201660156,0.8791410744190216
seas.dd 10,336.18003940429685,0.8791410744190216
seas.dd 10,336.3346586425781,0.8791410744190216
seas.dd 10,336.4892778808594,0.8791410744190216
seas.dd 10,336.6438971191406,0.8791410744190216
seas.dd 10,336.7985163574218,0.8791410744190216
seas.dd 10,336.9531355957031,0.8791410744190216
seas.dd 10,337.10775483398436,0.8791410744190216
seas.dd 10,337.26237407226563,0.8791410744190216
seas.dd 10,337.4169933105469,0.8791410744190216
seas.dd 10,337.5716125488281,0.8791410744190216
