variable,x,y
ann.wb 10,-206.33718719482422,0.146927347779274
ann.wb 10,-205.2444370300293,0.146927347779274
ann.wb 10,-204.15168686523438,0.146927347779274
ann.wb 10,-203.05893670043946,0.146927347779274
ann.wb 10,-201.96618653564454,0.146927347779274
ann.wb 10,-200.87343637084962,0.146927347779274
ann.wb 10,-199.7806862060547,0.146927347779274
ann.wb 10,-198.68793604125977,0.146927347779274
ann.wb 10,-197.59518587646485,0.146927347779274
ann.wb 10,-196.50243571166993,0.146927347779274
ann.wb 10,-195.409685546875,0.146927347779274
ann.wb 10,-194.3169353820801,0.146927347779274
ann.wb 10,-193.22418521728517,0.146927347779274
ann.wb 10,-192.13143505249025,0.146927347779274
ann.wb 10,-191.03868488769533,0.146927347779274
ann.wb 10,-189.9459347229004,0.146927347779274
ann.wb 10,-188.85318455810548,0.146927347779274
ann.wb 10,-187.76043439331056,0.146927347779274
ann.wb 10,-186.66768422851564,0.146927347779274
ann.wb 10,-185.57493406372072,0.146927347779274
ann.wb 10,-184.4821838989258,0.146927347779274
ann.wb 10,-183.38943373413088,0.146927347779274
ann.wb 10,-182.29668356933595,0.146927347779274
ann.wb 10,-181.20393340454103,0.146927347779274
ann.wb 10,-180.1111832397461,0.146927347779274
ann.wb 10,-179.0184330749512,0.146927347779274
ann.wb 10,-177.92568291015627,0.146927347779274
ann.wb 10,-176.83293274536135,0.146927347779274
ann.wb 10,-175.74018258056643,0.146927347779274
ann.wb 10,-174.6474324157715,0.146927347779274
ann.wb 10,-173.55468225097655,0.146927347779274
ann.wb 10,-172.46193208618166,0.146927347779274
ann.wb 10,-171.3691819213867,0.146927347779274
ann.wb 10,-170.2764317565918,0.146927347779274
ann.wb 10,-169.18368159179687,0.146927347779274
ann.wb 10,-168.09093142700198,0.146927347779274
ann.wb 10,-166.99818126220703,0.146927347779274
ann.wb 10,-165.90543109741213,0.146927347779274
ann.wb 10,-164.81268093261718,0.146927347779274
ann.wb 10,-163.7199307678223,0.146927347779274
ann.wb 10,-162.62718060302734,0.146927347779274
ann.wb 10,-161.53443043823245,0.146927347779274
ann.wb 10,-160.4416802734375,0.146927347779274
ann.wb 10,-159.34893010864258,0.146927347779274
ann.wb 10,-158.25617994384766,0.146927347779274
ann.wb 10,-157.16342977905273,0.146927347779274
ann.wb 10,-156.0706796142578,0.146927347779274
ann.wb 10,-154.9779294494629,0.146927347779274
ann.wb 10,-153.88517928466797,0.146927347779274
ann.wb 10,-152.79242911987305,0.146927347779274
ann.wb 10,-151.69967895507813,0.146927347779274
ann.wb 10,-150.6069287902832,0.146927347779274
ann.wb 10,-149.51417862548828,0.146927347779274
ann.wb 10,-148.42142846069336,0.146927347779274
ann.wb 10,-147.32867829589844,0.146927347779274
ann.wb 10,-146.23592813110352,0.146927347779274
ann.wb 10,-145.1431779663086,0.146927347779274
ann.wb 10,-144.05042780151368,0.146927347779274
ann.wb 10,-142.95767763671876,0.146927347779274
ann.wb 10,-141.86492747192383,0.146927347779274
ann.wb 10,-140.7721773071289,0.146927347779274
ann.wb 10,-139.679427142334,0.146927347779274
ann.wb 10,-138.58667697753907,0.146927347779274
ann.wb 10,-137.49392681274415,0.146927347779274
ann.wb 10,-136.40117664794923,0.146927347779274
ann.wb 10,-135.3084264831543,0.146927347779274
ann.wb 10,-134.21567631835939,0.146927347779274
ann.wb 10,-133.12292615356446,0.146927347779274
ann.wb 10,-132.03017598876954,0.146927347779274
ann.wb 10,-130.93742582397462,0.146927347779274
ann.wb 10,-129.8446756591797,0.146927347779274
ann.wb 10,-128.75192549438475,0.146927347779274
ann.wb 10,-127.65917532958986,0.146927347779274
ann.wb 10,-126.56642516479494,0.146927347779274
ann.wb 10,-125.47367500000001,0.146927347779274
ann.wb 10,-124.38092483520508,0.146927347779274
ann.wb 10,-123.28817467041016,0.146927347779274
ann.wb 10,-122.19542450561525,0.146927347779274
ann.wb 10,-121.10267434082033,0.146927347779274
ann.wb 10,-120.0099241760254,0.146927347779274
ann.wb 10,-118.91717401123047,0.146927347779274
ann.wb 10,-117.82442384643555,0.146927347779274
ann.wb 10,-116.73167368164064,0.146927347779274
ann.wb 10,-115.63892351684571,0.14753665886819362
ann.wb 10,-114.54617335205079,0.14814596995711327
ann.wb 10,-113.45342318725586,0.15000208877027035
ann.wb 10,-112.36067302246094,0.15185820758342744
ann.wb 10,-111.26792285766604,0.1537571996450424
ann.wb 10,-110.1751726928711,0.1556561917066574
ann.wb 10,-109.08242252807618,0.15759883411228656
ann.wb 10,-107.98967236328126,0.15954147651791573
ann.wb 10,-106.89692219848634,0.16152854822576046
ann.wb 10,-105.80417203369142,0.1635156199336052
ann.wb 10,-104.7114218688965,0.1655478898435831
ann.wb 10,-103.61867170410157,0.16758015975356103
ann.wb 10,-102.52592153930665,0.1696584213525057
ann.wb 10,-101.43317137451173,0.17173668295145034
ann.wb 10,-100.34042120971681,0.17386170625686645
ann.wb 10,-99.24767104492189,0.17598672956228256
ann.wb 10,-98.15492088012697,0.17815928757190705
ann.wb 10,-97.06217071533203,0.18033184558153154
ann.wb 10,-95.96942055053712,0.18255270421504974
ann.wb 10,-94.8766703857422,0.18477356284856797
ann.wb 10,-93.78392022094728,0.1870434932410717
ann.wb 10,-92.69117005615236,0.18931342363357545
ann.wb 10,-91.59841989135742,0.19163318276405336
ann.wb 10,-90.50566972656252,0.19395294189453124
ann.wb 10,-89.4129195617676,0.1963232770562172
ann.wb 10,-88.32016939697267,0.19869361221790313
ann.wb 10,-87.22741923217774,0.20111526995897297
ann.wb 10,-86.13466906738282,0.20353692770004272
ann.wb 10,-85.04191890258791,0.2060099229216575
ann.wb 10,-83.94916873779299,0.2084829181432724
ann.wb 10,-82.85641857299805,0.21100833266973495
ann.wb 10,-81.76366840820313,0.2135337471961975
ann.wb 10,-80.67091824340821,0.2161125957965851
ann.wb 10,-79.5781680786133,0.21869144439697266
ann.wb 10,-78.48541791381837,0.22132440730929376
ann.wb 10,-77.39266774902345,0.22395737022161483
ann.wb 10,-76.29991758422852,0.22664511799812317
ann.wb 10,-75.2071674194336,0.2293328657746315
ann.wb 10,-74.11441725463868,0.23207604587078096
ann.wb 10,-73.02166708984376,0.2348192259669304
ann.wb 10,-71.92891692504884,0.23761847019195556
ann.wb 10,-70.83616676025392,0.24041771441698073
ann.wb 10,-69.743416595459,0.24327362850308418
ann.wb 10,-68.65066643066407,0.24612954258918762
ann.wb 10,-67.55791626586915,0.24904270246624946
ann.wb 10,-66.46516610107423,0.2519558623433113
ann.wb 10,-65.37241593627931,0.25492682307958603
ann.wb 10,-64.27966577148439,0.25789778381586076
ann.wb 10,-63.18691560668947,0.2609270520508289
ann.wb 10,-62.09416544189452,0.26395632028579713
ann.wb 10,-61.001415277099625,0.2670443974435329
ann.wb 10,-59.9086651123047,0.27013247460126877
ann.wb 10,-58.81591494750978,0.27327980399131774
ann.wb 10,-57.72316478271486,0.2764271333813667
ann.wb 10,-56.63041461791991,0.27963411733508114
ann.wb 10,-55.53766445312502,0.28284110128879547
ann.wb 10,-54.4449142883301,0.28610812649130823
ann.wb 10,-53.352164123535175,0.28937515169382094
ann.wb 10,-52.259413958740254,0.2927025251090526
ann.wb 10,-51.166663793945304,0.29602989852428435
ann.wb 10,-50.07391362915041,0.2994179025292396
ann.wb 10,-48.98116346435549,0.3028059065341949
ann.wb 10,-47.88841329956054,0.30625476092100146
ann.wb 10,-46.79566313476565,0.30970361530780793
ann.wb 10,-45.7029129699707,0.3132134824991227
ann.wb 10,-44.610162805175804,0.3167233496904373
ann.wb 10,-43.51741264038088,0.32029435783624643
ann.wb 10,-42.42466247558593,0.3238653659820557
ann.wb 10,-41.33191231079104,0.3274975553154945
ann.wb 10,-40.23916214599609,0.3311297446489334
ann.wb 10,-39.1464119812012,0.334823103249073
ann.wb 10,-38.053661816406276,0.33851646184921264
ann.wb 10,-36.960911651611326,0.34227090328931814
ann.wb 10,-35.86816148681643,0.34602534472942353
ann.wb 10,-34.77541132202148,0.3498407050967217
ann.wb 10,-33.68266115722656,0.3536560654640198
ann.wb 10,-32.58991099243167,0.35753213167190545
ann.wb 10,-31.49716082763672,0.3614081978797913
ann.wb 10,-30.404410662841826,0.36534464508295056
ann.wb 10,-29.311660498046876,0.36928109228610995
ann.wb 10,-28.218910333251955,0.37327752560377125
ann.wb 10,-27.126160168457062,0.3772739589214325
ann.wb 10,-26.033410003662112,0.38132990300655367
ann.wb 10,-24.94065983886719,0.3853858470916748
ann.wb 10,-23.84790967407227,0.3895007252693176
ann.wb 10,-22.755159509277348,0.39361560344696045
ann.wb 10,-21.662409344482455,0.3977887466549873
ann.wb 10,-20.569659179687505,0.40196188986301423
ann.wb 10,-19.476909014892584,0.40619252175092696
ann.wb 10,-18.384158850097663,0.41042315363883974
ann.wb 10,-17.29140868530274,0.4147104144096375
ann.wb 10,-16.19865852050785,0.4189976751804352
ann.wb 10,-15.105908355712899,0.4233405813574792
ann.wb 10,-14.013158190917977,0.427683487534523
ann.wb 10,-12.920408026123056,0.43208094835281374
ann.wb 10,-11.827657861328134,0.4364784091711044
ann.wb 10,-10.734907696533213,0.4409292235970497
ann.wb 10,-9.642157531738292,0.445380038022995
ann.wb 10,-8.54940736694337,0.44988288879394533
ann.wb 10,-7.456657202148449,0.45438573956489564
ann.wb 10,-6.363907037353528,0.45893918424844743
ann.wb 10,-5.271156872558606,0.4634926289319992
ann.wb 10,-4.178406707763685,0.46809509098529817
ann.wb 10,-3.0856565429687635,0.4726975530385971
ann.wb 10,-1.992906378173842,0.47734735161066055
ann.wb 10,-0.9001562133789207,0.481997150182724
ann.wb 10,0.19259395141600066,0.486692450940609
ann.wb 10,1.285344116210922,0.49138775169849397
ann.wb 10,2.3780942810058434,0.4961266040802002
ann.wb 10,3.470844445800765,0.5008654564619064
ann.wb 10,4.563594610595686,0.50564576536417
ann.wb 10,5.6563447753906075,0.5104260742664337
ann.wb 10,6.749094940185529,0.515245608985424
ann.wb 10,7.84184510498045,0.5200651437044144
ann.wb 10,8.934595269775372,0.5249215349555015
ann.wb 10,10.027345434570293,0.5297779262065887
ann.wb 10,11.120095599365214,0.5346686720848083
ann.wb 10,12.212845764160164,0.539559417963028
ann.wb 10,13.305595928955057,0.54448184967041
ann.wb 10,14.398346093749979,0.5494042813777924
ann.wb 10,15.4910962585449,0.5543556302785874
ann.wb 10,16.58384642333982,0.5593069791793823
ann.wb 10,17.67659658813477,0.564284297823906
ann.wb 10,18.769346752929664,0.5692616164684295
ann.wb 10,19.862096917724585,0.5742618381977082
ann.wb 10,20.954847082519507,0.5792620599269866
ann.wb 10,22.047597247314428,0.58428196310997
ann.wb 10,23.140347412109378,0.5893018662929534
ann.wb 10,24.23309757690427,0.5943381071090699
ann.wb 10,25.325847741699192,0.5993743479251862
ann.wb 10,26.418597906494142,0.6044234484434129
ann.wb 10,27.511348071289035,0.6094725489616394
ann.wb 10,28.604098236083985,0.6145308762788774
ann.wb 10,29.696848400878878,0.6195892035961151
ann.wb 10,30.7895985656738,0.6246530264616013
ann.wb 10,31.88234873046875,0.6297168493270874
ann.wb 10,32.97509889526364,0.6347822904586791
ann.wb 10,34.06784906005859,0.639847731590271
ann.wb 10,35.160599224853485,0.6449108183383941
ann.wb 10,36.253349389648406,0.6499739050865173
ann.wb 10,37.346099554443356,0.6550305396318437
ann.wb 10,38.43884971923825,0.6600871741771698
ann.wb 10,39.5315998840332,0.6651331514120102
ann.wb 10,40.62435004882812,0.6701791286468506
ann.wb 10,41.71710021362301,0.6752010494470595
ann.wb 10,42.80985037841796,0.6802229702472686
ann.wb 10,43.902600543212856,0.6849034696817398
ann.wb 10,44.995350708007805,0.6895839691162109
ann.wb 10,46.08810087280273,0.6941437244415283
ann.wb 10,47.18085103759762,0.6987034797668457
ann.wb 10,48.27360120239257,0.703239706158638
ann.wb 10,49.36635136718749,0.7077759325504303
ann.wb 10,50.45910153198244,0.7122849822044374
ann.wb 10,51.551851696777334,0.7167940318584443
ann.wb 10,52.64460186157223,0.7212722361087798
ann.wb 10,53.73735202636718,0.7257504403591156
ann.wb 10,54.83010219116207,0.7301940947771072
ann.wb 10,55.92285235595702,0.7346377491950988
ann.wb 10,57.01560252075191,0.7390431612730025
ann.wb 10,58.10835268554686,0.7434485733509064
ann.wb 10,59.201102850341755,0.747674337029457
ann.wb 10,60.293853015136705,0.7519001007080078
ann.wb 10,61.386603179931654,0.753657191991806
ann.wb 10,62.47935334472655,0.7554142832756042
ann.wb 10,63.57210350952144,0.7561055511236191
ann.wb 10,64.66485367431639,0.7567968189716339
ann.wb 10,65.75760383911134,0.7573835492134094
ann.wb 10,66.85035400390623,0.7579702794551849
ann.wb 10,67.94310416870118,0.7585556924343109
ann.wb 10,69.03585433349608,0.7591411054134369
ann.wb 10,70.12860449829097,0.7597251832485199
ann.wb 10,71.22135466308592,0.7603092610836029
ann.wb 10,72.31410482788087,0.7608919650316238
ann.wb 10,73.40685499267576,0.7614746689796448
ann.wb 10,74.49960515747065,0.762055978178978
ann.wb 10,75.5923553222656,0.7626372873783112
ann.wb 10,76.68510548706055,0.7632171750068665
ann.wb 10,77.77785565185545,0.7637970626354218
ann.wb 10,78.8706058166504,0.7643754750490188
ann.wb 10,79.96335598144529,0.764953887462616
ann.wb 10,81.05610614624018,0.7655308276414872
ann.wb 10,82.14885631103519,0.7661077678203583
ann.wb 10,83.24160647583008,0.7666831880807876
ann.wb 10,84.33435664062497,0.7672586083412171
ann.wb 10,85.42710680541987,0.7677982687950134
ann.wb 10,86.51985697021482,0.7683379292488098
ann.wb 10,87.61260713500977,0.7686133503913879
ann.wb 10,88.70535729980466,0.7688887715339661
ann.wb 10,89.79810746459961,0.7690302342176437
ann.wb 10,90.8908576293945,0.7691716969013214
ann.wb 10,91.9836077941894,0.7692996710538864
ann.wb 10,93.0763579589844,0.7694276452064515
ann.wb 10,94.1691081237793,0.7695307672023773
ann.wb 10,95.26185828857419,0.7696338891983032
ann.wb 10,96.35460845336914,0.7697221428155899
ann.wb 10,97.44735861816403,0.7698103964328766
ann.wb 10,98.54010878295898,0.7698787659406662
ann.wb 10,99.63285894775387,0.7699471354484558
ann.wb 10,100.72560911254882,0.7699845343828201
ann.wb 10,101.81835927734372,0.7700219333171845
ann.wb 10,102.91110944213861,0.7700593173503876
ann.wb 10,104.00385960693362,0.7700967013835907
ann.wb 10,105.09660977172851,0.7701340615749359
ann.wb 10,106.1893599365234,0.7701714217662812
ann.wb 10,107.28211010131835,0.7702062278985977
ann.wb 10,108.37486026611325,0.7702410340309143
ann.wb 10,109.4676104309082,0.7702706664800644
ann.wb 10,110.56036059570314,0.7703002989292145
ann.wb 10,111.65311076049804,0.7703299045562744
ann.wb 10,112.74586092529293,0.7703595101833344
ann.wb 10,113.83861109008782,0.7703890860080719
ann.wb 10,114.93136125488283,0.7704186618328095
ann.wb 10,116.02411141967772,0.770442572236061
ann.wb 10,117.11686158447262,0.7704664826393127
ann.wb 10,118.20961174926757,0.7704672396183014
ann.wb 10,119.30236191406246,0.77046799659729
ann.wb 10,120.39511207885741,0.7704170733690262
ann.wb 10,121.48786224365236,0.7703661501407624
ann.wb 10,122.58061240844725,0.7702875524759293
ann.wb 10,123.67336257324214,0.7702089548110962
ann.wb 10,124.7661127380371,0.7701302707195282
ann.wb 10,125.85886290283204,0.7700515866279602
ann.wb 10,126.95161306762694,0.7699728071689605
ann.wb 10,128.04436323242183,0.769894027709961
ann.wb 10,129.13711339721678,0.7698151499032975
ann.wb 10,130.22986356201167,0.7697362720966339
ann.wb 10,131.32261372680662,0.7696573078632355
ann.wb 10,132.41536389160157,0.769578343629837
ann.wb 10,133.50811405639647,0.7694992959499359
ann.wb 10,134.60086422119136,0.7694202482700347
ann.wb 10,135.6936143859863,0.7693410992622376
ann.wb 10,136.78636455078126,0.7692619502544403
ann.wb 10,137.87911471557615,0.7691827207803726
ann.wb 10,138.9718648803711,0.769103491306305
ann.wb 10,140.064615045166,0.7690241664648056
ann.wb 10,141.1573652099609,0.7689448416233062
ann.wb 10,142.2501153747559,0.7688654333353042
ann.wb 10,143.3428655395508,0.7687860250473022
ann.wb 10,144.43561570434568,0.7687065213918686
ann.wb 10,145.52836586914057,0.7686270177364349
ann.wb 10,146.62111603393552,0.7685474246740341
ann.wb 10,147.71386619873047,0.7684678316116333
ann.wb 10,148.80661636352536,0.7683881640434265
ann.wb 10,149.89936652832031,0.7683084964752197
ann.wb 10,150.9921166931152,0.7682287275791169
ann.wb 10,152.0848668579101,0.7681489586830139
ann.wb 10,153.1776170227051,0.7680691093206405
ann.wb 10,154.2703671875,0.7679892599582672
ann.wb 10,155.3631173522949,0.7679093182086945
ann.wb 10,156.45586751708984,0.7678293764591217
ann.wb 10,157.54861768188474,0.7677493572235108
ann.wb 10,158.64136784667969,0.7676693379878998
ann.wb 10,159.73411801147458,0.7675892353057862
ann.wb 10,160.82686817626953,0.7675091326236725
ann.wb 10,161.91961834106442,0.7674289345741272
ann.wb 10,163.0123685058593,0.7673487365245819
ann.wb 10,164.10511867065432,0.7672684609889984
ann.wb 10,165.1978688354492,0.7671881854534149
ann.wb 10,166.2906190002441,0.7671078205108642
ann.wb 10,167.38336916503906,0.7670274555683136
ann.wb 10,168.47611932983395,0.7669470131397247
ann.wb 10,169.5688694946289,0.7668665707111358
ann.wb 10,170.66161965942385,0.7667450070381164
ann.wb 10,171.75436982421874,0.766623443365097
ann.wb 10,172.84711998901363,0.7664547026157379
ann.wb 10,173.93987015380853,0.7662859618663788
ann.wb 10,175.03262031860353,0.7661170154809952
ann.wb 10,176.12537048339843,0.7659480690956115
ann.wb 10,177.21812064819332,0.7657789349555969
ann.wb 10,178.31087081298827,0.7656098008155823
ann.wb 10,179.40362097778316,0.7654394537210465
ann.wb 10,180.4963711425781,0.7652691066265106
ann.wb 10,181.58912130737306,0.7650893270969391
ann.wb 10,182.68187147216796,0.7649095475673675
ann.wb 10,183.77462163696285,0.7647282212972641
ann.wb 10,184.8673718017578,0.7645468950271607
ann.wb 10,185.96012196655275,0.7643653810024261
ann.wb 10,187.05287213134764,0.7641838669776917
ann.wb 10,188.14562229614253,0.7640021562576294
ann.wb 10,189.23837246093748,0.7638204455375671
ann.wb 10,190.33112262573238,0.7636385530233383
ann.wb 10,191.42387279052733,0.7634566605091095
ann.wb 10,192.51662295532228,0.7632671415805816
ann.wb 10,193.60937312011717,0.7630776226520538
ann.wb 10,194.70212328491206,0.7628627747297287
ann.wb 10,195.794873449707,0.7626479268074036
ann.wb 10,196.88762361450196,0.7624052554368973
ann.wb 10,197.98037377929685,0.762162584066391
ann.wb 10,199.0731239440918,0.7619173854589463
ann.wb 10,200.1658741088867,0.7616721868515015
ann.wb 10,201.2586242736816,0.7614267081022262
ann.wb 10,202.35137443847654,0.7611812293529511
ann.wb 10,203.4441246032715,0.7609341859817504
ann.wb 10,204.53687476806638,0.7606871426105499
ann.wb 10,205.62962493286128,0.7604002624750137
ann.wb 10,206.72237509765623,0.7601133823394776
ann.wb 10,207.81512526245118,0.7597269982099533
ann.wb 10,208.90787542724607,0.7593406140804291
ann.wb 10,210.00062559204102,0.7589530348777771
ann.wb 10,211.0933757568359,0.7585654556751251
ann.wb 10,212.1861259216308,0.7581381529569626
ann.wb 10,213.27887608642575,0.7577108502388
ann.wb 10,214.3716262512207,0.7572285324335098
ann.wb 10,215.4643764160156,0.7567462146282196
ann.wb 10,216.5571265808105,0.7560817986726761
ann.wb 10,217.64987674560544,0.7554173827171325
ann.wb 10,218.74262691040033,0.754429104924202
ann.wb 10,219.83537707519528,0.7534408271312714
ann.wb 10,220.92812723999023,0.7523813009262085
ann.wb 10,222.02087740478513,0.7513217747211456
ann.wb 10,223.11362756958002,0.7501625329256058
ann.wb 10,224.20637773437497,0.7490032911300659
ann.wb 10,225.29912789916992,0.7478409469127655
ann.wb 10,226.3918780639648,0.746678602695465
ann.wb 10,227.48462822875976,0.7455132454633713
ann.wb 10,228.57737839355465,0.7443478882312775
ann.wb 10,229.67012855834955,0.7431795746088028
ann.wb 10,230.76287872314455,0.7420112609863281
ann.wb 10,231.85562888793945,0.7408400475978851
ann.wb 10,232.94837905273434,0.7396688342094422
ann.wb 10,234.04112921752923,0.7384948074817658
ann.wb 10,235.13387938232418,0.7373207807540894
ann.wb 10,236.22662954711913,0.7361440002918244
ann.wb 10,237.31937971191402,0.7349672198295594
ann.wb 10,238.41212987670897,0.7337877541780472
ann.wb 10,239.50488004150387,0.732608288526535
ann.wb 10,240.59763020629876,0.7314262062311172
ann.wb 10,241.69038037109377,0.7302441239356995
ann.wb 10,242.78313053588866,0.7290594786405563
ann.wb 10,243.87588070068355,0.7278748333454133
ann.wb 10,244.9686308654785,0.7266877204179764
ann.wb 10,246.0613810302734,0.7255006074905396
ann.wb 10,247.15413119506835,0.7243110746145248
ann.wb 10,248.24688135986324,0.7231215417385102
ann.wb 10,249.3396315246582,0.7219296574592591
ann.wb 10,250.43238168945308,0.720737773180008
ann.wb 10,251.52513185424797,0.7195436209440231
ann.wb 10,252.61788201904298,0.7183494687080383
ann.wb 10,253.71063218383787,0.7171530932188034
ann.wb 10,254.80338234863277,0.7159567177295685
ann.wb 10,255.89613251342772,0.7147581875324249
ann.wb 10,256.9888826782226,0.7135596573352814
ann.wb 10,258.0816328430176,0.7123590618371963
ann.wb 10,259.1743830078125,0.7111584663391113
ann.wb 10,260.2671331726074,0.7099558502435684
ann.wb 10,261.35988333740227,0.7087532341480255
ann.wb 10,262.45263350219716,0.7075486928224564
ann.wb 10,263.54538366699217,0.7063441514968872
ann.wb 10,264.63813383178706,0.7051377147436142
ann.wb 10,265.73088399658195,0.7039312779903412
ann.wb 10,266.82363416137696,0.7027230381965637
ann.wb 10,267.91638432617185,0.7015147984027863
ann.wb 10,269.00913449096674,0.7003048032522201
ann.wb 10,270.10188465576175,0.699094808101654
ann.wb 10,271.19463482055664,0.6978831499814987
ann.wb 10,272.28738498535154,0.6966714918613434
ann.wb 10,273.38013515014643,0.6954582095146179
ann.wb 10,274.47288531494144,0.6942449271678924
ann.wb 10,275.56563547973633,0.6930301040410995
ann.wb 10,276.6583856445312,0.6918152809143067
ann.wb 10,277.7511358093261,0.69059898853302
ann.wb 10,278.843885974121,0.6893826961517334
ann.wb 10,279.936636138916,0.6881649672985077
ann.wb 10,281.0293863037109,0.6869472384452819
ann.wb 10,282.1221364685058,0.6857281804084778
ann.wb 10,283.2148866333007,0.6845091223716736
ann.wb 10,284.3076367980957,0.6832887589931488
ann.wb 10,285.4003869628906,0.6820683956146241
ann.wb 10,286.4931371276855,0.6808468252420425
ann.wb 10,287.5858872924805,0.679625254869461
ann.wb 10,288.6786374572754,0.6784025192260742
ann.wb 10,289.7713876220703,0.6771797835826874
ann.wb 10,290.8641377868653,0.6759559720754623
ann.wb 10,291.9568879516602,0.6747321605682373
ann.wb 10,293.04963811645507,0.6735073059797287
ann.wb 10,294.14238828124996,0.6722824513912201
ann.wb 10,295.23513844604486,0.6710566461086274
ann.wb 10,296.32788861083986,0.6698308408260345
ann.wb 10,297.42063877563476,0.6686041206121445
ann.wb 10,298.51338894042965,0.6673774003982544
ann.wb 10,299.60613910522454,0.6661498606204986
ann.wb 10,300.69888927001944,0.6649223208427429
ann.wb 10,301.79163943481444,0.6636939913034439
ann.wb 10,302.88438959960934,0.6624656617641449
ann.wb 10,303.9771397644042,0.6612366318702698
ann.wb 10,305.06988992919923,0.6600076019763946
ann.wb 10,306.1626400939941,0.6587779074907303
ann.wb 10,307.25539025878913,0.6575482130050659
ann.wb 10,308.348140423584,0.6563179522752762
ann.wb 10,309.4408905883789,0.6550876915454864
ann.wb 10,310.5336407531738,0.6538568824529648
ann.wb 10,311.6263909179687,0.6526260733604431
ann.wb 10,312.7191410827637,0.6513948172330857
ann.wb 10,313.8118912475586,0.6501635611057281
ann.wb 10,314.9046414123535,0.6489318788051606
ann.wb 10,315.9973915771484,0.6477001965045929
ann.wb 10,317.0901417419433,0.6464681923389435
ann.wb 10,318.1828919067383,0.6452361881732941
ann.wb 10,319.2756420715332,0.644003900885582
ann.wb 10,320.3683922363281,0.6427716135978698
ann.wb 10,321.4611424011231,0.6415390819311142
ann.wb 10,322.553892565918,0.6403065502643586
ann.wb 10,323.64664273071287,0.6390738695859909
ann.wb 10,324.73939289550776,0.6378411889076233
ann.wb 10,325.83214306030277,0.6366083860397339
ann.wb 10,326.92489322509766,0.6353755831718445
ann.wb 10,328.01764338989256,0.6341427475214004
ann.wb 10,329.11039355468756,0.6329099118709565
ann.wb 10,330.20314371948234,0.6316770672798158
ann.wb 10,331.29589388427735,0.630444222688675
ann.wb 10,332.38864404907235,0.6292114615440367
ann.wb 10,333.48139421386713,0.6279787003993988
ann.wb 10,334.57414437866214,0.6267460465431214
ann.wb 10,335.66689454345703,0.6255133926868439
ann.wb 10,336.7596447082519,0.6242809444665909
ann.wb 10,337.85239487304693,0.6230484962463378
ann.wb 10,338.9451450378418,0.6218162715435028
ann.wb 10,340.0378952026367,0.6205840468406677
ann.wb 10,341.1306453674316,0.6193521201610566
ann.wb 10,342.2233955322266,0.6181201934814453
ann.wb 10,343.3161456970215,0.6168886065483093
ann.wb 10,344.4088958618164,0.6156570196151734
ann.wb 10,345.5016460266113,0.6144258558750153
ann.wb 10,346.5943961914062,0.6131946921348572
ann.wb 10,347.6871463562012,0.6119639694690704
ann.wb 10,348.7798965209961,0.6107332468032837
ann.wb 10,349.872646685791,0.6095030546188355
ann.wb 10,350.965396850586,0.6082728624343872
ann.wb 10,352.05814701538077,0.6070432126522065
ann.wb 10,353.1508971801758,0.6058135628700256
ann.wb 10,354.2436473449708,0.6045845627784728
ann.wb 10,355.33639750976556,0.6033555626869201
ann.wb 10,356.42914767456057,0.602127206325531
ann.wb 10,357.52189783935546,0.6008988499641419
ann.wb 10,358.61464800415035,0.5996712446212769
ann.wb 10,359.70739816894536,0.5984436392784118
ann.wb 10,360.80014833374025,0.597216808795929
ann.wb 10,361.89289849853515,0.595989978313446
ann.wb 10,362.98564866333004,0.5947639614343643
ann.wb 10,364.07839882812505,0.5935379445552826
ann.wb 10,365.17114899291994,0.5923128217458725
ann.wb 10,366.26389915771483,0.5910876989364624
ann.wb 10,367.35664932250984,0.5898634940385817
ann.wb 10,368.4493994873046,0.5886392891407013
ann.wb 10,369.5421496520996,0.5874160796403884
ann.wb 10,370.63489981689463,0.5861928701400757
ann.wb 10,371.7276499816894,0.5849706679582597
ann.wb 10,372.8204001464844,0.5837484657764435
ann.wb 10,373.9131503112792,0.5825273633003236
ann.wb 10,375.0059004760742,0.5813062608242034
ann.wb 10,376.0986506408692,0.5800862759351729
ann.wb 10,377.191400805664,0.5788662910461426
ann.wb 10,378.284150970459,0.5776474922895432
ann.wb 10,379.3769011352539,0.5764286935329437
ann.wb 10,380.4696513000488,0.5752110987901687
ann.wb 10,381.5624014648438,0.5739935040473938
ann.wb 10,382.6551516296387,0.5727772027254104
ann.wb 10,383.7479017944336,0.5715609014034271
ann.wb 10,384.84065195922847,0.5703458994626999
ann.wb 10,385.9334021240235,0.5691308975219727
ann.wb 10,387.02615228881837,0.5679172694683075
ann.wb 10,388.11890245361326,0.5667036414146424
ann.wb 10,389.21165261840827,0.5654914081096648
ann.wb 10,390.30440278320305,0.5642791748046875
ann.wb 10,391.39715294799805,0.5630684167146682
ann.wb 10,392.48990311279306,0.5618576586246491
ann.wb 10,393.58265327758784,0.5606483757495881
ann.wb 10,394.67540344238284,0.559439092874527
ann.wb 10,395.76815360717774,0.5582313686609268
ann.wb 10,396.86090377197263,0.5570236444473267
ann.wb 10,397.95365393676764,0.555817499756813
ann.wb 10,399.04640410156253,0.5546113550662994
ann.wb 10,400.1391542663574,0.5534106522798539
ann.wb 10,401.2319044311523,0.5522099494934082
ann.wb 10,402.3246545959472,0.551011809706688
ann.wb 10,403.4174047607422,0.5498136699199676
ann.wb 10,404.5101549255371,0.548617246747017
ann.wb 10,405.602905090332,0.5474208235740662
ann.wb 10,406.6956552551269,0.5462261497974396
ann.wb 10,407.7884054199219,0.545031476020813
ann.wb 10,408.8811555847168,0.5438385784626008
ann.wb 10,409.9739057495117,0.5426456809043885
ann.wb 10,411.0666559143067,0.5414546385407447
ann.wb 10,412.1594060791015,0.5402635961771012
ann.wb 10,413.2521562438965,0.5390744045376777
ann.wb 10,414.3449064086915,0.5378852128982544
ann.wb 10,415.43765657348627,0.5366979405283929
ann.wb 10,416.5304067382813,0.5355106681585312
ann.wb 10,417.62315690307616,0.5343253389000893
ann.wb 10,418.71590706787106,0.5331400096416473
ann.wb 10,419.80865723266606,0.5319566830992699
ann.wb 10,420.90140739746096,0.5307733565568924
ann.wb 10,421.99415756225585,0.5295920342206955
ann.wb 10,423.08690772705074,0.5284107118844986
ann.wb 10,424.17965789184575,0.5272314727306366
ann.wb 10,425.27240805664064,0.5260522335767746
ann.wb 10,426.36515822143554,0.5248750805854797
ann.wb 10,427.45790838623054,0.5236979275941849
ann.wb 10,428.5506585510253,0.5225229218602181
ann.wb 10,429.6434087158203,0.5213479161262512
ann.wb 10,430.73615888061533,0.5201750665903091
ann.wb 10,431.8289090454101,0.5190022170543671
ann.wb 10,432.9216592102051,0.5178315922617911
ann.wb 10,434.0144093749999,0.5166609674692154
ann.wb 10,435.1071595397949,0.515492568910122
ann.wb 10,436.1999097045899,0.5143241703510284
ann.wb 10,437.2926598693847,0.5131580665707589
ann.wb 10,438.3854100341797,0.5119919627904892
ann.wb 10,439.4781601989746,0.5108281508088112
ann.wb 10,440.5709103637695,0.5096643388271331
ann.wb 10,441.6636605285645,0.5085028916597366
ann.wb 10,442.7564106933594,0.5073414444923401
ann.wb 10,443.8491608581543,0.5061823561787605
ann.wb 10,444.94191102294917,0.5050232678651809
ann.wb 10,446.0346611877442,0.5038666024804115
ann.wb 10,447.12741135253907,0.502709937095642
ann.wb 10,448.22016151733396,0.5015557140111924
ann.wb 10,449.31291168212897,0.5004014909267426
ann.wb 10,450.40566184692375,0.49924972057342537
ann.wb 10,451.49841201171876,0.49809795022010805
ann.wb 10,452.59116217651376,0.49695979952812186
ann.wb 10,453.68391234130854,0.4958216488361359
ann.wb 10,454.77666250610355,0.49471651911735537
ann.wb 10,455.86941267089844,0.49361138939857485
ann.wb 10,456.96216283569333,0.49258288741111755
ann.wb 10,458.05491300048834,0.49155438542366026
ann.wb 10,459.14766316528323,0.49054270386695864
ann.wb 10,460.2404133300781,0.48953102231025697
ann.wb 10,461.333163494873,0.48852147459983825
ann.wb 10,462.4259136596679,0.4875119268894196
ann.wb 10,463.5186638244629,0.48652625679969785
ann.wb 10,464.6114139892578,0.4855405867099762
ann.wb 10,465.7041641540527,0.48458502143621446
ann.wb 10,466.7969143188476,0.4836294561624527
ann.wb 10,467.8896644836426,0.48267958462238314
ann.wb 10,468.9824146484375,0.48172971308231355
ann.wb 10,470.0751648132324,0.4807818055152893
ann.wb 10,471.1679149780274,0.4798338979482651
ann.wb 10,472.2606651428222,0.4788879483938218
ann.wb 10,473.3534153076172,0.4779419988393784
ann.wb 10,474.4461654724122,0.4770030409097671
ann.wb 10,475.53891563720697,0.47606408298015596
ann.wb 10,476.631665802002,0.4751401528716087
ann.wb 10,477.72441596679687,0.4742162227630615
ann.wb 10,478.81716613159176,0.47329424023628236
ann.wb 10,479.90991629638677,0.4723722577095032
ann.wb 10,481.00266646118166,0.47145220786333086
ann.wb 10,482.09541662597655,0.47053215801715853
ann.wb 10,483.18816679077145,0.4696140870451927
ann.wb 10,484.28091695556645,0.4686960160732269
ann.wb 10,485.37366712036135,0.4677799105644226
ann.wb 10,486.46641728515624,0.4668638050556183
ann.wb 10,487.55916744995125,0.46594971120357503
ann.wb 10,488.651917614746,0.465035617351532
ann.wb 10,489.74466777954103,0.46412351429462434
ann.wb 10,490.83741794433604,0.4632114112377167
ann.wb 10,491.9301681091308,0.4623013526201249
ann.wb 10,493.0229182739258,0.461391294002533
ann.wb 10,494.1156684387206,0.4604832664132119
ann.wb 10,495.2084186035156,0.4595752388238907
ann.wb 10,496.3011687683106,0.45866925716400136
ann.wb 10,497.3939189331054,0.4577632755041122
ann.wb 10,498.4866690979004,0.456859378516674
ann.wb 10,499.5794192626953,0.4559554815292358
ann.wb 10,500.6721694274902,0.4550536543130875
ann.wb 10,501.7649195922852,0.4541518270969391
ann.wb 10,502.8576697570801,0.45325210988521575
ann.wb 10,503.950419921875,0.4523523926734924
ann.wb 10,505.0431700866699,0.4514547735452652
ann.wb 10,506.1359202514649,0.450557154417038
ann.wb 10,507.2286704162598,0.4496616706252098
ann.wb 10,508.32142058105467,0.44876618683338165
ann.wb 10,509.4141707458497,0.44787282645702353
ann.wb 10,510.50692091064445,0.4469794660806656
ann.wb 10,511.59967107543946,0.44608826041221616
ann.wb 10,512.6924212402345,0.4451970547437668
ann.wb 10,513.7851714050292,0.44430801719427115
ann.wb 10,514.8779215698243,0.4434189796447754
ann.wb 10,515.9706717346191,0.44253212213516235
ann.wb 10,517.063421899414,0.4416452646255493
ann.wb 10,518.156172064209,0.4407605931162834
ann.wb 10,519.2489222290039,0.4398759216070175
ann.wb 10,520.3416723937988,0.43899342119693757
ann.wb 10,521.4344225585937,0.4381109207868576
ann.wb 10,522.5271727233886,0.43723065704107283
ann.wb 10,523.6199228881836,0.4363503932952881
ann.wb 10,524.7126730529785,0.43547235131263734
ann.wb 10,525.8054232177734,0.43459430932998655
ann.wb 10,526.8981733825683,0.4337184995412827
ann.wb 10,527.9909235473633,0.4328426897525787
ann.wb 10,529.0836737121582,0.4319691002368927
ann.wb 10,530.1764238769531,0.43109551072120667
ann.wb 10,531.2691740417481,0.43022420406341544
ann.wb 10,532.3619242065429,0.4293528974056244
ann.wb 10,533.4546743713379,0.4284838497638702
ann.wb 10,534.5474245361329,0.4276148021221161
ann.wb 10,535.6401747009277,0.4267480283975602
ann.wb 10,536.7329248657227,0.42588125467300414
ann.wb 10,537.8256750305176,0.4250167727470398
ann.wb 10,538.9184251953125,0.4241522908210754
ann.wb 10,540.0111753601075,0.4232900768518447
ann.wb 10,541.1039255249024,0.42242786288261414
ann.wb 10,542.1966756896973,0.4215679779648781
ann.wb 10,543.2894258544922,0.420708093047142
ann.wb 10,544.3821760192872,0.41985051929950706
ann.wb 10,545.474926184082,0.4189929455518723
ann.wb 10,546.567676348877,0.4181376963853837
ann.wb 10,547.660426513672,0.41728244721889496
ann.wb 10,548.7531766784667,0.4164295062422753
ann.wb 10,549.8459268432617,0.4155765652656555
ann.wb 10,550.9386770080567,0.41472598910331715
ann.wb 10,552.0314271728515,0.413875412940979
ann.wb 10,553.1241773376465,0.41302718818187706
ann.wb 10,554.2169275024413,0.41217896342277527
ann.wb 10,555.3096776672363,0.41133309304714205
ann.wb 10,556.4024278320313,0.4104872226715088
ann.wb 10,557.4951779968261,0.40964369475841533
ann.wb 10,558.5879281616211,0.40880016684532167
ann.wb 10,559.680678326416,0.40795903354883195
ann.wb 10,560.7734284912109,0.40711790025234224
ann.wb 10,561.8661786560059,0.40627915263175957
ann.wb 10,562.9589288208008,0.40544040501117706
ann.wb 10,564.0516789855957,0.4046040400862694
ann.wb 10,565.1444291503906,0.4037676751613617
ann.wb 10,566.2371793151856,0.40293368548154823
ann.wb 10,567.3299294799805,0.40209969580173494
ann.wb 10,568.4226796447754,0.40126813501119624
ann.wb 10,569.5154298095704,0.40043657422065737
ann.wb 10,570.6081799743652,0.39960946291685107
ann.wb 10,571.7009301391602,0.39878235161304476
ann.wb 10,572.7936803039552,0.3979577019810676
ann.wb 10,573.88643046875,0.3971330523490906
ann.wb 10,574.979180633545,0.3963107988238334
ann.wb 10,576.0719307983398,0.39548854529857635
ann.wb 10,577.1646809631347,0.39466873407363895
ann.wb 10,578.2574311279297,0.3938489228487015
ann.wb 10,579.3501812927246,0.39303153902292254
ann.wb 10,580.4429314575195,0.39221415519714353
ann.wb 10,581.5356816223144,0.3913992032408714
ann.wb 10,582.6284317871093,0.3905842512845993
ann.wb 10,583.7211819519043,0.3897717386484146
ann.wb 10,584.8139321166992,0.38895922601222993
ann.wb 10,585.9066822814941,0.3881491333246231
ann.wb 10,586.999432446289,0.3873390406370163
ann.wb 10,588.092182611084,0.386531426012516
ann.wb 10,589.1849327758789,0.38572381138801576
ann.wb 10,590.2776829406738,0.38491864353418354
ann.wb 10,591.3704331054688,0.38411347568035126
ann.wb 10,592.4631832702636,0.3833107709884644
ann.wb 10,593.5559334350586,0.38250806629657746
ann.wb 10,594.6486835998536,0.3817078053951263
ann.wb 10,595.7414337646484,0.38090754449367525
ann.wb 10,596.8341839294434,0.3801097691059112
ann.wb 10,597.9269340942383,0.3793119937181473
ann.wb 10,599.0196842590332,0.3785166963934899
ann.wb 10,600.1124344238282,0.3777213990688324
ann.wb 10,601.2051845886231,0.37692857533693314
ann.wb 10,602.297934753418,0.3761357516050339
ann.wb 10,603.3906849182129,0.3753453895449639
ann.wb 10,604.4834350830079,0.3745550274848938
ann.wb 10,605.5761852478028,0.3737671673297882
ann.wb 10,606.6689354125976,0.37297930717468264
ann.wb 10,607.7616855773927,0.3721939384937286
ann.wb 10,608.8544357421874,0.37140856981277465
ann.wb 10,609.9471859069824,0.37062569111585614
ann.wb 10,611.0399360717773,0.3698428124189377
ann.wb 10,612.1326862365722,0.3690624073147774
ann.wb 10,613.2254364013672,0.3682820022106171
ann.wb 10,614.318186566162,0.3675041183829308
ann.wb 10,615.410936730957,0.36672623455524445
ann.wb 10,616.503686895752,0.36595084816217416
ann.wb 10,617.5964370605468,0.365175461769104
ann.wb 10,618.6891872253418,0.36440258175134654
ann.wb 10,619.7819373901367,0.36362970173358916
ann.wb 10,620.8746875549316,0.36285932809114463
ann.wb 10,621.9674377197266,0.36208895444869993
ann.wb 10,623.0601878845215,0.36132106781005857
ann.wb 10,624.1529380493164,0.3605531811714172
ann.wb 10,625.2456882141113,0.35978782773017887
ann.wb 10,626.3384383789063,0.3590224742889404
ann.wb 10,627.4311885437012,0.3582596302032471
ann.wb 10,628.5239387084961,0.3574967861175537
ann.wb 10,629.6166888732911,0.3567364633083343
ann.wb 10,630.7094390380859,0.35597614049911497
ann.wb 10,631.8021892028809,0.3552183106541633
ann.wb 10,632.8949393676758,0.3544604808092117
ann.wb 10,633.9876895324707,0.35370518863201145
ann.wb 10,635.0804396972657,0.3529498964548111
ann.wb 10,636.1731898620606,0.3521971270442009
ann.wb 10,637.2659400268554,0.3514443576335907
ann.wb 10,638.3586901916503,0.35069410800933837
ann.wb 10,639.4514403564452,0.34994385838508607
ann.wb 10,640.5441905212402,0.3491961121559143
ann.wb 10,641.6369406860351,0.34844836592674255
ann.wb 10,642.72969085083,0.3477031648159027
ann.wb 10,643.8224410156249,0.3469579637050629
ann.wb 10,644.9151911804199,0.3462152868509292
ann.wb 10,646.0079413452148,0.34547260999679563
ann.wb 10,647.1006915100097,0.34473245888948445
ann.wb 10,648.1934416748047,0.34399230778217316
ann.wb 10,649.2861918395995,0.343254666030407
ann.wb 10,650.3789420043945,0.3425170242786407
ann.wb 10,651.4716921691895,0.3417819261550903
ann.wb 10,652.5644423339843,0.3410468280315399
ann.wb 10,653.6571924987793,0.3403142556548118
ann.wb 10,654.7499426635742,0.3395816832780838
ann.wb 10,655.8426928283691,0.33885164260864264
ann.wb 10,656.9354429931641,0.3381216019392014
ann.wb 10,658.028193157959,0.33739406764507296
ann.wb 10,659.1209433227539,0.33666653335094454
ann.wb 10,660.2136934875488,0.33594154715538027
ann.wb 10,661.3064436523438,0.335216560959816
ann.wb 10,662.3991938171387,0.3344941034913063
ann.wb 10,663.4919439819336,0.33377164602279663
ann.wb 10,664.5846941467286,0.33305171430110925
ann.wb 10,665.6774443115233,0.332331782579422
ann.wb 10,666.7701944763184,0.3316143825650215
ann.wb 10,667.8629446411134,0.33089698255062105
ann.wb 10,668.9556948059081,0.33018208593130116
ann.wb 10,670.0484449707031,0.3294671893119812
ann.wb 10,671.1411951354979,0.3287548393011094
ann.wb 10,672.2339453002929,0.32804248929023744
ann.wb 10,673.3266954650879,0.3273326620459556
ann.wb 10,674.4194456298827,0.32662283480167387
ann.wb 10,675.5121957946777,0.32591553777456284
ann.wb 10,676.6049459594726,0.3252082407474518
ann.wb 10,677.6976961242675,0.32450344115495683
ann.wb 10,678.7904462890625,0.32379864156246185
ann.wb 10,679.8831964538574,0.323096390068531
ann.wb 10,680.9759466186523,0.3223941385746002
ann.wb 10,682.0686967834472,0.3216944053769112
ann.wb 10,683.1614469482422,0.3209946721792221
ann.wb 10,684.2541971130371,0.32029746025800704
ann.wb 10,685.346947277832,0.319600248336792
ann.wb 10,686.439697442627,0.318905533850193
ann.wb 10,687.5324476074218,0.3182108193635941
ann.wb 10,688.6251977722168,0.3175186440348625
ann.wb 10,689.7179479370118,0.31682646870613096
ann.wb 10,690.8106981018066,0.31613680645823483
ann.wb 10,691.9034482666016,0.3154471442103386
ann.wb 10,692.9961984313965,0.3147599957883358
ann.wb 10,694.0889485961914,0.314072847366333
ann.wb 10,695.1816987609864,0.31338819265365603
ann.wb 10,696.2744489257813,0.312703537940979
ann.wb 10,697.3671990905762,0.31202140897512437
ann.wb 10,698.459949255371,0.3113392800092697
ann.wb 10,699.5526994201659,0.31065966114401816
ann.wb 10,700.6454495849609,0.30998004227876663
ann.wb 10,701.7381997497558,0.30930293053388597
ann.wb 10,702.8309499145507,0.3086258187890053
ann.wb 10,703.9237000793456,0.3079511925578117
ann.wb 10,705.0164502441406,0.3072765663266182
ann.wb 10,706.1092004089355,0.3066044576466084
ann.wb 10,707.2019505737304,0.3059323489665985
ann.wb 10,708.2947007385254,0.30526273548603056
ann.wb 10,709.3874509033202,0.3045931220054626
ann.wb 10,710.4802010681152,0.30392601117491724
ann.wb 10,711.5729512329102,0.3032589003443718
ann.wb 10,712.665701397705,0.3025942794978619
ann.wb 10,713.7584515625,0.3019296586513519
ann.wb 10,714.8512017272949,0.30126751139760016
ann.wb 10,715.9439518920898,0.3006053641438484
ann.wb 10,717.0367020568848,0.29994572177529333
ann.wb 10,718.1294522216797,0.2992860794067383
ann.wb 10,719.2222023864746,0.2986289232969284
ann.wb 10,720.3149525512695,0.29797176718711854
ann.wb 10,721.4077027160645,0.29731709212064744
ann.wb 10,722.5004528808594,0.29666241705417634
ann.wb 10,723.5932030456543,0.2960102051496506
ann.wb 10,724.6859532104493,0.2953579932451248
ann.wb 10,725.778703375244,0.2947082728147507
ann.wb 10,726.871453540039,0.2940585523843765
ann.wb 10,727.9642037048341,0.29341130480170247
ann.wb 10,729.0569538696288,0.2927640572190285
ann.wb 10,730.1497040344238,0.2921192787587642
ann.wb 10,731.2424541992186,0.2914745002985001
ann.wb 10,732.3352043640136,0.2908321686089039
ann.wb 10,733.4279545288086,0.2901898369193077
ann.wb 10,734.5207046936034,0.28954998627305034
ann.wb 10,735.6134548583984,0.2889101356267929
ann.wb 10,736.7062050231933,0.2882727414369583
ann.wb 10,737.7989551879882,0.2876353472471237
ann.wb 10,738.8917053527832,0.28700041174888613
ann.wb 10,739.9844555175781,0.2863654762506485
ann.wb 10,741.077205682373,0.2857329711318016
ann.wb 10,742.1699558471679,0.2851004660129547
ann.wb 10,743.2627060119629,0.2844704255461693
ann.wb 10,744.3554561767578,0.28384038507938386
ann.wb 10,745.4482063415527,0.28321279063820837
ann.wb 10,746.5409565063477,0.28258519619703293
ann.wb 10,747.6337066711425,0.2819600403308869
ann.wb 10,748.7264568359375,0.28133488446474075
ann.wb 10,749.8192070007325,0.2807121448218822
ann.wb 10,750.9119571655273,0.28008940517902375
ann.wb 10,752.0047073303223,0.2794691190123558
ann.wb 10,753.0974574951172,0.27884883284568784
ann.wb 10,754.1902076599121,0.27823096737265585
ann.wb 10,755.2829578247071,0.27761310189962385
ann.wb 10,756.375707989502,0.2769976660609245
ann.wb 10,757.4684581542969,0.2763822302222252
ann.wb 10,758.5612083190917,0.27576920539140704
ann.wb 10,759.6539584838866,0.2751561805605888
ann.wb 10,760.7467086486816,0.2745455585420132
ann.wb 10,761.8394588134765,0.2739349365234375
ann.wb 10,762.9322089782714,0.27332673817873
ann.wb 10,764.0249591430663,0.2727185398340225
ann.wb 10,765.1177093078613,0.27211274653673173
ann.wb 10,766.2104594726562,0.2715069532394409
ann.wb 10,767.3032096374511,0.2709035612642765
ann.wb 10,768.3959598022461,0.2703001692891121
ann.wb 10,769.4887099670409,0.26969915628433233
ann.wb 10,770.5814601318359,0.26909814327955245
ann.wb 10,771.6742102966309,0.26849954128265374
ann.wb 10,772.7669604614257,0.26790093928575515
ann.wb 10,773.8597106262207,0.26730471923947335
ann.wb 10,774.9524607910156,0.2667084991931915
ann.wb 10,776.0452109558105,0.2661146655678749
ann.wb 10,777.1379611206055,0.26552083194255827
ann.wb 10,778.2307112854004,0.26492935568094256
ann.wb 10,779.3234614501953,0.2643378794193268
ann.wb 10,780.4162116149902,0.2637487918138504
ann.wb 10,781.5089617797852,0.26315970420837403
ann.wb 10,782.6017119445801,0.26257298439741134
ann.wb 10,783.694462109375,0.2619862645864487
ann.wb 10,784.78721227417,0.261401904374361
ann.wb 10,785.8799624389648,0.26081754416227343
ann.wb 10,786.9727126037598,0.2602355286478996
ann.wb 10,788.0654627685548,0.25965351313352586
ann.wb 10,789.1582129333495,0.2590738601982594
ann.wb 10,790.2509630981446,0.2584942072629929
ann.wb 10,791.3437132629393,0.2579169034957886
ann.wb 10,792.4364634277343,0.2573395997285843
ann.wb 10,793.5292135925293,0.2567646406590938
ann.wb 10,794.6219637573241,0.2561896815896034
ann.wb 10,795.7147139221191,0.2559985376894474
ann.wb 10,796.807464086914,0.2558073937892914
ann.wb 10,797.9002142517089,0.2558073937892914
ann.wb 10,798.9929644165039,0.2558073937892914
ann.wb 10,800.0857145812988,0.2558073937892914
ann.wb 10,801.1784647460937,0.2558073937892914
ann.wb 10,802.2712149108886,0.2558073937892914
ann.wb 10,803.3639650756836,0.2558073937892914
ann.wb 10,804.4567152404785,0.2558073937892914
ann.wb 10,805.5494654052734,0.2558073937892914
ann.wb 10,806.6422155700684,0.2558073937892914
ann.wb 10,807.7349657348632,0.2558073937892914
ann.wb 10,808.8277158996582,0.2558073937892914
ann.wb 10,809.9204660644532,0.2558073937892914
ann.wb 10,811.013216229248,0.2558073937892914
ann.wb 10,812.105966394043,0.2558073937892914
ann.wb 10,813.1987165588379,0.2558073937892914
ann.wb 10,814.2914667236328,0.2558073937892914
ann.wb 10,815.3842168884278,0.2558073937892914
ann.wb 10,816.4769670532227,0.2558073937892914
ann.wb 10,817.5697172180176,0.2558073937892914
ann.wb 10,818.6624673828125,0.2558073937892914
ann.wb 10,819.7552175476075,0.2558073937892914
ann.wb 10,820.8479677124025,0.2558073937892914
ann.wb 10,821.9407178771972,0.2558073937892914
ann.wb 10,823.0334680419923,0.2558073937892914
ann.wb 10,824.126218206787,0.2558073937892914
ann.wb 10,825.218968371582,0.2558073937892914
ann.wb 10,826.311718536377,0.2558073937892914
ann.wb 10,827.4044687011718,0.2558073937892914
ann.wb 10,828.4972188659668,0.2558073937892914
ann.wb 10,829.5899690307616,0.2558073937892914
ann.wb 10,830.6827191955566,0.2558073937892914
ann.wb 10,831.7754693603516,0.2558073937892914
ann.wb 10,832.8682195251464,0.2558073937892914
ann.wb 10,833.9609696899414,0.2558073937892914
ann.wb 10,835.0537198547362,0.2558073937892914
ann.wb 10,836.1464700195312,0.2558073937892914
ann.wb 10,837.2392201843262,0.2558073937892914
ann.wb 10,838.331970349121,0.2558073937892914
ann.wb 10,839.424720513916,0.2558073937892914
ann.wb 10,840.5174706787108,0.2558073937892914
ann.wb 10,841.6102208435058,0.2558073937892914
ann.wb 10,842.7029710083008,0.2558073937892914
ann.wb 10,843.7957211730958,0.2558073937892914
ann.wb 10,844.8884713378906,0.2558073937892914
ann.wb 10,845.9812215026856,0.2558073937892914
ann.wb 10,847.0739716674804,0.2558073937892914
ann.wb 10,848.1667218322754,0.2558073937892914
ann.wb 10,849.2594719970704,0.2558073937892914
ann.wb 10,850.3522221618651,0.2558073937892914
ann.wb 10,851.4449723266601,0.2558073937892914
ann.wb 10,852.5377224914552,0.2558073937892914
ann.wb 10,853.6304726562499,0.2558073937892914
ann.wb 10,854.7232228210449,0.2558073937892914
ann.wb 10,855.8159729858397,0.2558073937892914
ann.wb 10,856.9087231506347,0.2558073937892914
ann.wb 10,858.0014733154297,0.2558073937892914
ann.wb 10,859.0942234802247,0.2558073937892914
ann.wb 10,860.1869736450195,0.2558073937892914
ann.wb 10,861.2797238098143,0.2558073937892914
ann.wb 10,862.3724739746093,0.2558073937892914
ann.wb 10,863.4652241394043,0.2558073937892914
ann.wb 10,864.5579743041993,0.2558073937892914
ann.wb 10,865.6507244689941,0.2558073937892914
ann.wb 10,866.7434746337889,0.2558073937892914
ann.wb 10,867.8362247985839,0.2558073937892914
ann.wb 10,868.9289749633789,0.2558073937892914
ann.wb 10,870.0217251281739,0.2558073937892914
ann.wb 10,871.1144752929689,0.2558073937892914
ann.wb 10,872.2072254577635,0.2558073937892914
ann.wb 10,873.2999756225585,0.2558073937892914
ann.wb 10,874.3927257873535,0.2558073937892914
ann.wb 10,875.4854759521485,0.2558073937892914
ann.wb 10,876.5782261169435,0.2558073937892914
ann.wb 10,877.6709762817383,0.2558073937892914
ann.wb 10,878.763726446533,0.2558073937892914
ann.wb 10,879.856476611328,0.2558073937892914
ann.wb 10,880.949226776123,0.2558073937892914
ann.wb 10,882.0419769409181,0.2558073937892914
ann.wb 10,883.1347271057128,0.2558073937892914
ann.wb 10,884.2274772705078,0.2558073937892914
ann.wb 10,885.3202274353026,0.2558073937892914
ann.wb 10,886.4129776000976,0.2558073937892914
